Meas,Time,Temperature,Vmax
1,1.383550556,9.602606667,-9.477260313
2,1.383887778,9.606653333,-8.96366766
3,1.384219722,9.610636667,-12.14654796
4,1.384466389,9.613596667,-13.16324678
5,1.384713056,9.616556667,-11.14794292
6,1.384957778,9.619493333,-11.60084884
7,1.385205833,9.62247,-8.500685245
8,1.385545278,9.626543333,-5.450676609
9,1.385876111,9.630513333,-6.839654278
10,1.386124722,9.633496667,-2.216499115
11,1.3863725,9.63647,-1.355009404
12,1.386625556,9.639506667,0.094589711
13,1.386878056,9.642536667,-1.079988881
14,1.387219444,9.646633333,-2.21026417
15,1.387552222,9.650626667,-1.370677958
16,1.387798889,9.653586667,-3.819197102
17,1.388049167,9.65659,-3.514733226
18,1.388296944,9.659563333,-6.850592351
19,1.388544444,9.662533333,-7.546277532
20,1.388886389,9.666636667,-8.125851237
21,1.3892225,9.67067,-4.227629566
22,1.389472778,9.673673333,-6.483263222
23,1.389719722,9.676636667,-10.22610951
24,1.389968889,9.679626667,-15.59383276
25,1.39022,9.68264,-15.20451711
26,1.390554444,9.686653333,-14.99344009
27,1.390878056,9.690536667,-15.83546507
28,1.391125833,9.69351,-17.86973963
29,1.391371667,9.69646,-16.23269758
30,1.39162,9.69944,-16.01834844
31,1.3918675,9.70241,-16.72716265
32,1.392205556,9.706466667,-17.40819858
33,1.392536667,9.71044,-16.28593899
34,1.392786111,9.713433333,-18.06569524
35,1.393035556,9.716426667,-18.44499528
36,1.393285833,9.71943,-18.70523388
37,1.393535278,9.722423333,-14.52299397
38,1.393876389,9.726516667,-10.23990583
39,1.394215833,9.73059,-5.46448107
40,1.394467222,9.733606667,-5.08193219
41,1.394720556,9.736646667,-8.692478325
42,1.394966944,9.739603333,-7.476418837
43,1.395215,9.74258,-7.8311547
44,1.395551667,9.74662,-8.072075679
45,1.395880278,9.750563333,-6.591744952
46,1.396126667,9.75352,-5.713591657
47,1.396373333,9.75648,-5.281897479
48,1.396627222,9.759526667,-4.834362505
49,1.3968775,9.76253,-7.553004075
50,1.397218611,9.766623333,-10.35168144
51,1.397554167,9.77065,-9.866027389
52,1.397804444,9.773653333,-11.09725418
53,1.398051944,9.776623333,-9.912313632
54,1.398303333,9.77964,-7.779365495
55,1.398553611,9.782643333,-9.692037866
56,1.398888056,9.786656667,-11.66331694
57,1.399210556,9.790526667,-8.318061425
58,1.399456389,9.793476667,-9.658293754
59,1.399702222,9.796426667,-10.71401711
60,1.399950833,9.79941,-11.53228462
61,1.400203889,9.8,-14.61127885
62,1.400545556,9.8,-17.6037603
63,1.400878889,9.8,-15.79801475
64,1.401127778,9.8,-13.76439969
65,1.401376111,9.8,-12.51485775
66,1.401629167,9.8,-13.5673871
67,1.401880556,9.8,-13.6197821
68,1.402220556,9.8,-13.27258005
69,1.402551944,9.8,-11.83176646
70,1.402799722,9.8,-10.95863326
71,1.403046389,9.8,-8.736889087
72,1.403295278,9.8,-10.79805734
73,1.403541667,9.8,-9.194880795
74,1.403880833,9.8,-7.629032485
75,1.4042125,9.8,-7.211334643
76,1.404461944,9.8,-6.752751939
77,1.404713889,9.8,-9.254773055
78,1.404963611,9.8,-8.276635213
79,1.405214167,9.8,-8.286984579
80,1.405554722,9.8,-8.423993397
81,1.405883611,9.8,-8.2626856
82,1.406133889,9.8,-10.38090186
83,1.406383611,9.8,-10.38675621
84,1.406631111,9.8,-11.77799495
85,1.406878611,9.8,-10.90089838
86,1.407224722,9.8,-10.05098995
87,1.407558611,9.8,-9.982092325
88,1.407806389,9.8,-9.202213247
89,1.408052222,9.8,-9.050185837
90,1.408303333,9.8,-10.21347172
91,1.408552778,9.8,-10.3374511
92,1.4088925,9.8,-10.53003045
93,1.409226944,9.8,-10.98101341
94,1.409474444,9.8,-9.912584663
95,1.409720556,9.8,-11.79019213
96,1.409968056,9.8,-15.85212021
97,1.410216667,9.8,-15.7369658
98,1.410548333,9.8,-15.660619
99,1.410873333,9.8,-14.38547578
100,1.411118333,9.8,-15.81114429
101,1.411368889,9.8,-17.79598037
102,1.41162,9.8,-16.50928122
103,1.411866667,9.8,-15.11682544
104,1.412201389,9.8,-13.39958987
105,1.412533056,9.8,-13.66227219
106,1.412783333,9.8,-14.68353579
107,1.413030833,9.8,-14.81252071
108,1.413280278,9.8,-14.48710971
109,1.413530833,9.8,-15.91816738
110,1.4138725,9.8,-17.73336351
111,1.414205278,9.8,-15.37407387
112,1.414449722,9.8,-16.11763872
113,1.414698611,9.8,-18.88340415
114,1.414947778,9.8,-17.35254785
115,1.4151975,9.8,-13.58847015
116,1.4155375,9.8,-9.574845179
117,1.415870556,9.8,-8.293374302
118,1.416119444,9.8,-8.168382824
119,1.416368611,9.8,-10.82100579
120,1.416618333,9.8,-4.7536593
121,1.416867778,9.801206667,-5.172305452
122,1.4172075,9.803245,-5.39898866
123,1.417540556,9.805243333,-8.109221372
124,1.4177925,9.806755,-8.391212811
125,1.418044722,9.808268333,-6.82451293
126,1.418298611,9.809791667,-10.89887343
127,1.418549167,9.811295,-9.649401112
128,1.4188925,9.813355,-8.604985758
129,1.419223611,9.815341667,-9.389707536
130,1.419472778,9.816836667,-4.436469529
131,1.419722222,9.818333333,-4.69284726
132,1.419970833,9.819825,-4.56834252
133,1.420220556,9.821323333,-6.414530329
134,1.420554722,9.823328333,-8.24376861
135,1.420881667,9.82529,-9.71412069
136,1.421128611,9.826771667,-14.81282028
137,1.421376944,9.828261667,-18.24122397
138,1.421624722,9.829748333,-19.65911887
139,1.421872222,9.831233333,-17.60080985
140,1.4222175,9.833305,-18.03123893
141,1.422552222,9.835313333,-16.03718444
142,1.422802222,9.836813333,-18.02731837
143,1.42305,9.8383,-19.78372128
144,1.4232975,9.839785,-18.99564424
145,1.423544722,9.841268333,-19.68823325
146,1.423886944,9.843321667,-17.76505341
147,1.424220556,9.845323333,-14.39555552
148,1.424468056,9.846808333,-14.03304804
149,1.424716111,9.848296667,-13.89595071
150,1.424962778,9.849776667,-12.16621938
151,1.425209444,9.851256667,-13.56747318
152,1.425550833,9.853305,-15.10550371
153,1.4258875,9.855325,-9.798020924
154,1.426137778,9.856826667,-6.847799622
155,1.426385278,9.858311667,-4.404681077
156,1.426631944,9.859791667,-1.291329654
157,1.426883333,9.8613,-0.339562391
158,1.427219444,9.863316667,0.591848802
159,1.427546944,9.865281667,1.534385995
160,1.427793611,9.866761667,5.649072635
161,1.42804,9.86824,6.345125229
162,1.428289444,9.869736667,8.614120808
163,1.428535556,9.871213333,9.044085526
164,1.428875833,9.873255,9.47430563
165,1.429210556,9.875263333,13.19581885
166,1.429458889,9.876753333,14.59615551
167,1.429709167,9.878255,16.72775229
168,1.429957222,9.879743333,17.89717944
169,1.430209167,9.881255,16.87465347
170,1.430551111,9.883306667,15.79712313
171,1.430883333,9.8853,16.86748733
172,1.431131944,9.886791667,13.89334345
173,1.431379722,9.888278333,14.86802347
174,1.431628333,9.88977,13.65357449
175,1.431881389,9.891288333,15.37436933
176,1.432221389,9.893328333,17.35435931
177,1.432553056,9.895318333,20.40144331
178,1.4328025,9.896815,20.66948083
179,1.433056389,9.898338333,23.94267769
180,1.433305833,9.899835,22.45830403
181,1.433556389,9.901338333,23.65496873
182,1.433888889,9.903333333,24.78665845
183,1.434215,9.90529,24.1486019
184,1.434463611,9.906781667,24.84264383
185,1.434711944,9.908271667,23.94266025
186,1.434960833,9.909765,25.95850061
187,1.435210833,9.911265,24.77913949
188,1.435552778,9.913316667,23.36680154
189,1.435887222,9.915323333,20.6498403
190,1.436135556,9.916813333,20.01938369
191,1.436385278,9.918311667,20.70528185
192,1.436632778,9.919796667,22.37751045
193,1.4368825,9.921295,23.43574291
194,1.437220556,9.923323333,24.32227694
195,1.437553889,9.925323333,19.64802266
196,1.437798611,9.926791667,18.7326708
197,1.438043611,9.928261667,19.57593904
198,1.438288611,9.929731667,18.25933766
199,1.438536944,9.931221667,16.9400139
200,1.438878056,9.933268333,15.5683826
201,1.439209444,9.935256667,12.41899834
202,1.439458333,9.93675,13.71317352
203,1.439709167,9.938255,11.34315364
204,1.439956389,9.939738333,8.248078707
205,1.440206389,9.941238333,7.527889921
206,1.440548889,9.943293333,7.099867243
207,1.440883889,9.945303333,5.408676501
208,1.441133056,9.946798333,4.635638418
209,1.441379167,9.948275,3.529763156
210,1.441625833,9.949755,5.892495094
211,1.441876944,9.951261667,9.487257022
212,1.442221389,9.953328333,12.81738045
213,1.442551111,9.955306667,14.09545334
214,1.442799722,9.956798333,14.12416025
215,1.44305,9.9583,12.09898821
216,1.443299444,9.959796667,11.35492067
217,1.443546944,9.961281667,10.3356575
218,1.443887222,9.963323333,9.304622962
219,1.444223611,9.965341667,16.70743417
220,1.444473889,9.966843333,18.14604815
221,1.444721389,9.968328333,17.99136208
222,1.444968056,9.969808333,17.47773179
223,1.445215556,9.971293333,19.23515372
224,1.445552222,9.973313333,21.00844838
225,1.445884722,9.975308333,24.99044114
226,1.446131389,9.976788333,24.64868893
227,1.446379722,9.978278333,24.71983686
228,1.44663,9.97978,27.7673745
229,1.446886111,9.981316667,29.86768241
230,1.447225833,9.983355,32.13059565
231,1.447555556,9.985333333,31.60203376
232,1.447804167,9.986825,31.82818733
233,1.448054722,9.988328333,33.18938046
234,1.448302222,9.989813333,31.69558488
235,1.448548889,9.991293333,28.90543571
236,1.448884444,9.993306667,26.0429764
237,1.449217222,9.995303333,26.52398394
238,1.449465278,9.996791667,29.54629369
239,1.449713333,9.99828,29.19096453
240,1.4499625,9.999775,27.67270596
241,1.450209167,10,26.86187129
242,1.450549167,10,25.91775568
243,1.450882778,10,28.50322584
244,1.451131389,10,29.10377956
245,1.451380556,10,26.37383075
246,1.451629167,10,25.01860084
247,1.451878056,10,26.58071592
248,1.452219444,10,28.20636389
249,1.452552222,10,26.72396084
250,1.452800556,10,27.24846175
251,1.453048333,10,28.96207241
252,1.453301667,10,28.35433791
253,1.4535525,10,29.02533588
254,1.453888889,10,29.39168546
255,1.454218056,10,30.11507684
256,1.454470278,10,27.46633392
257,1.454719722,10,27.39760448
258,1.454968056,10,25.03514728
259,1.455220278,10,20.345852
260,1.455553889,10,15.91090355
261,1.455882778,10,14.15421751
262,1.456133056,10,10.0511415
263,1.456382222,10,7.328939476
264,1.456631111,10,8.069328561
265,1.456877778,10,5.937978092
266,1.457223056,10,3.738598407
267,1.4575575,10,0.138427122
268,1.457802778,10,-2.964184942
269,1.458053056,10,-3.416663454
270,1.458304167,10,-5.374160829
271,1.458554444,10,-9.214664049
272,1.458888889,10,-12.99045712
273,1.459217222,10,-11.47991425
274,1.459466389,10,-12.76680375
275,1.459716667,10,-8.789589601
276,1.459964444,10,-7.877167205
277,1.460216389,10,-7.347725932
278,1.460555278,10,-6.779949199
279,1.460887222,10,-8.322867481
280,1.461135,10,-5.367784582
281,1.461384167,10,-8.170066639
282,1.461633056,10,-9.23411006
283,1.461880278,10,-7.951359152
284,1.462223056,10,-6.828903777
285,1.462555833,10,-4.597916768
286,1.462806389,10,-3.938052139
287,1.463055278,10,-2.71162539
288,1.463306944,10,-2.169491408
289,1.463555278,10,-4.090868749
290,1.463895278,10,-5.945977269
291,1.464228056,10,-7.710293488
292,1.464477222,10,-10.50240001
293,1.464728611,10,-12.22719998
294,1.464978056,10,-12.14683953
295,1.465228611,10,-11.19374328
296,1.465560833,10,-9.693954005
297,1.465887222,10,-11.05171036
298,1.466135556,10,-11.75423969
299,1.466387778,10,-7.861306179
300,1.466635,10,-5.638232133
301,1.466885,10,-4.074773136
302,1.467224722,10,-2.906253638
303,1.467555556,10,-5.242280497
304,1.467805278,10,-6.486070917
305,1.468055556,10,-7.36377932
306,1.468306111,10,-9.028496799
307,1.468553611,10,-12.6383332
308,1.468886389,10,-16.2388271
309,1.469210556,10,-18.4597881
310,1.469453889,10,-19.24521069
311,1.469700278,10,-16.50389868
312,1.469951667,10,-14.92830543
313,1.470198056,10,-13.77184054
314,1.470541111,10,-12.69521817
315,1.470876944,10,-14.19069995
316,1.471125,10,-15.67999126
317,1.471374444,10,-16.81099631
318,1.471625556,10,-18.72723056
319,1.471872222,10,-18.14266024
320,1.472211389,10,-17.52249525
321,1.472543889,10,-19.65826443
322,1.472795278,10,-19.88660531
323,1.473046389,10,-18.80794902
324,1.473293056,10,-18.02480689
325,1.473541944,10,-14.82035725
326,1.473885556,10,-15.08330303
327,1.474219444,10,-15.38940966
328,1.474469167,10,-11.43231661
329,1.474718611,10,-3.099703525
330,1.474966111,10,-2.752083274
331,1.475219444,10,-0.751420911
332,1.475559167,10,2.90150718
333,1.475890833,10,6.773485831
334,1.476139444,10,9.239594846
335,1.476388056,10,10.23401905
336,1.476635,10,12.27990386
337,1.476885,10,9.667101652
338,1.477219444,10,9.114153501
339,1.477548333,10,8.203189215
340,1.477798056,10,8.961030176
341,1.4780475,10,8.685229855
342,1.478298333,10,8.71846476
343,1.478546389,10,10.65499827
344,1.478887222,10,8.97549997
345,1.479218611,10,7.427683657
346,1.479466667,10,3.49516962
347,1.479712222,10,2.989158897
348,1.479962778,10,-0.224546021
349,1.480213056,10,-1.280518463
350,1.480552778,10,-0.622313255
351,1.480886111,10,0.092294846
352,1.481134167,10,-1.963770571
353,1.481381389,10,-0.641696362
354,1.481625833,10,-0.384494531
355,1.481875,10,-0.595136464
356,1.482217778,10,-1.07707774
357,1.482549444,10,-1.452573768
358,1.482797222,10,1.221820154
359,1.483045833,10,1.685756841
360,1.483295833,10,6.616925275
361,1.483542778,10.00251333,8.086998119
362,1.483886111,10.00663333,5.783681073
363,1.484221667,10.01066,3.59147078
364,1.484470833,10.01365,0.905421589
365,1.484721389,10.01665667,1.862406776
366,1.484973611,10.01968333,-0.902149136
367,1.485224722,10.02269667,0.106567553
368,1.485559167,10.02671,2.263074583
369,1.48589,10.03068,4.256049169
370,1.486138333,10.03366,6.471508957
371,1.486386111,10.03663333,8.061726161
372,1.486634722,10.03961667,8.128359392
373,1.486887222,10.04264667,6.666783527
374,1.487221111,10.04665333,2.918163573
375,1.487550278,10.05060333,-0.90722085
376,1.4878,10.0536,-4.416857079
377,1.488048056,10.05657667,-4.976395113
378,1.488299722,10.05959667,-3.451467931
379,1.488550556,10.06260667,-2.925758238
380,1.488889722,10.06667667,-3.75211309
381,1.489220833,10.07065,-4.308784883
382,1.489468056,10.07361667,-5.266245384
383,1.489715,10.07658,-2.876913543
384,1.489960833,10.07953,1.711118816
385,1.490209167,10.08251,8.708826746
386,1.490555556,10.08666667,10.60868756
387,1.490890833,10.09069,12.15614234
388,1.491141944,10.09370333,12.76271886
389,1.491391667,10.0967,13.51033787
390,1.491642222,10.09970667,13.37538663
391,1.491893056,10.10271667,11.53936298
392,1.492226111,10.10671333,11.52355608
393,1.492552222,10.11062667,11.7165494
394,1.492798056,10.11357667,13.33405464
395,1.493044722,10.11653667,11.57000996
396,1.493295278,10.11954333,15.22724526
397,1.493543611,10.12252333,18.76711506
398,1.493886111,10.12663333,16.39758481
399,1.494224444,10.13069333,14.19122173
400,1.494472778,10.13367333,15.21450134
401,1.494718333,10.13662,12.71771646
402,1.494966944,10.13960333,12.36586816
403,1.495217222,10.14260667,9.244057484
404,1.495551111,10.14661333,8.400179008
405,1.495881111,10.15057333,7.35621005
406,1.496128611,10.15354333,6.483935246
407,1.496375,10.1565,3.467940718
408,1.496622778,10.15947333,0.443374298
409,1.496875,10.1625,-0.909226978
410,1.497213056,10.16655667,-3.420997209
411,1.497545833,10.17055,-5.983411538
412,1.497795833,10.17355,-5.550844797
413,1.498043056,10.17651667,-6.602911919
414,1.4982925,10.17951,-8.92392726
415,1.498539167,10.18247,-9.999108443
416,1.498885,10.18662,-11.64281804
417,1.499223333,10.19068,-13.50158527
418,1.499471111,10.19365333,-15.67926997
419,1.499720556,10.19664667,-14.29207199
420,1.499970833,10.19965,-14.48593079
421,1.500220278,10.2,-13.43316013
422,1.500554722,10.2,-15.07204448
423,1.500881667,10.2,-16.49949685
424,1.501130278,10.2,-13.30053734
425,1.50138,10.2,-9.962545191
426,1.501628333,10.2,-8.697103894
427,1.501875833,10.2,-11.1535972
428,1.502219444,10.2,-13.30628375
429,1.502552778,10.2,-11.07320469
430,1.502804167,10.2,-11.92909875
431,1.5030575,10.2,-8.336893051
432,1.503307778,10.2,-7.021591711
433,1.503555556,10.2,-7.600339748
434,1.503888056,10.2,-8.360549587
435,1.504216667,10.2,-9.305148645
436,1.504466111,10.2,-4.988352515
437,1.504718889,10.2,-5.326697241
438,1.504967778,10.2,-3.933726968
439,1.505212222,10.2,-4.815265508
440,1.505554444,10.2,-5.653137427
441,1.505889167,10.2,-6.424692784
442,1.506136944,10.2,-6.216835445
443,1.506388611,10.2,-2.610875605
444,1.506639167,10.2,2.899500327
445,1.506887222,10.2,0.01606989
446,1.507218611,10.2,-2.881562456
447,1.507547778,10.2,-3.096007134
448,1.507796111,10.2,3.613754076
449,1.5080425,10.2,5.166077526
450,1.508293056,10.2,6.097216393
451,1.508544722,10.2,8.080867962
452,1.508884444,10.2,10.22748931
453,1.509217778,10.2,12.10161508
454,1.509461944,10.2,10.12716496
455,1.509711389,10.2,12.09964996
456,1.509964167,10.2,9.662046783
457,1.510211111,10.2,7.333943711
458,1.510554722,10.2,4.819392041
459,1.510888333,10.2,5.996046269
460,1.511136111,10.2,6.92221058
461,1.511387778,10.2,6.765657435
462,1.511641944,10.2,5.897187668
463,1.511894167,10.2,6.224327431
464,1.512227778,10.2,6.485336239
465,1.512550278,10.2,4.005463946
466,1.512796111,10.2,4.793636734
467,1.513043056,10.2,2.296416048
468,1.513295,10.2,4.32379817
469,1.513544444,10.2,3.214387179
470,1.513888889,10.2,2.230192216
471,1.514223056,10.2,1.941775971
472,1.514469444,10.2,2.40013725
473,1.514719444,10.2,0.160937438
474,1.51497,10.2,-2.441530131
475,1.5152175,10.2,-4.023737835
476,1.515551111,10.2,-5.49835258
477,1.515881667,10.2,-5.963442446
478,1.516130278,10.2,-5.956562539
479,1.516378611,10.2,-4.435685194
480,1.516631944,10.2,-1.342737165
481,1.516886111,10.2,-4.188894244
482,1.517221389,10.2,-7.168879271
483,1.517553056,10.2,-10.22399467
484,1.517806944,10.2,-8.410007278
485,1.518055556,10.2,-8.472961448
486,1.518303333,10.2,-9.103918859
487,1.518552778,10.2,-6.059662657
488,1.518891944,10.2,-3.123209617
489,1.519223333,10.2,-5.84894828
490,1.5194725,10.2,-5.980719135
491,1.519724722,10.2,-9.760800035
492,1.519974167,10.2,-13.71824
493,1.520224722,10.2,-14.74608364
494,1.5205575,10.2,-15.72523317
495,1.520886111,10.2,-18.14094448
496,1.521133889,10.2,-19.26002192
497,1.521380833,10.2,-17.32121587
498,1.521628333,10.2,-19.73682221
499,1.521875278,10.2,-16.3063587
500,1.522215556,10.2,-16.06486783
501,1.522550278,10.2,-10.31570407
502,1.522797778,10.2,-10.86042848
503,1.523046389,10.2,-11.39060419
504,1.523293889,10.2,-12.54157094
505,1.523546389,10.2,-9.597290769
506,1.523886944,10.2,-4.749821339
507,1.52422,10.2,-2.861471938
508,1.524466389,10.2,-5.092174066
509,1.524715556,10.2,-7.26983734
510,1.524966111,10.2,-8.170831833
511,1.525213889,10.2,-10.3906864
512,1.525552778,10.2,-9.037908835
513,1.525883611,10.2,-4.341533367
514,1.526132222,10.2,-4.488196934
515,1.526379722,10.2,-4.317050755
516,1.526628333,10.2,-4.47780235
517,1.526879722,10.2,-6.577216873
518,1.527221111,10.2,-3.737181906
519,1.527553333,10.2,-2.949497888
520,1.527803333,10.2,-2.758408925
521,1.528048333,10.2,-2.875959031
522,1.528296944,10.2,-2.115606231
523,1.528547222,10.2,-4.68464151
524,1.528887778,10.2,-7.579180169
525,1.529217778,10.2,-7.376713017
526,1.529464722,10.2,-7.45706377
527,1.529716667,10.2,-7.501271025
528,1.529968056,10.2,-3.136482618
529,1.530219444,10.2,-4.513798585
530,1.530551111,10.2,-3.522208545
531,1.5308775,10.2,-0.839881219
532,1.531123889,10.2,-0.127427426
533,1.53137,10.2,0.396296672
534,1.531617222,10.2,0.133157225
535,1.5318675,10.2,0.395471255
536,1.532206111,10.2,-0.212921529
537,1.5325375,10.2,-0.518065199
538,1.532786111,10.2,-1.243919355
539,1.533031667,10.2,-1.902668525
540,1.533279722,10.2,-2.422039662
541,1.533529722,10.20117833,0.980729602
542,1.533865278,10.20319167,0.099441511
543,1.5341925,10.205155,1.669793909
544,1.534437222,10.20662333,-0.965836519
545,1.534688611,10.20813167,-3.661171573
546,1.534939722,10.20963833,-3.634883386
547,1.535188056,10.21112833,-4.156579646
548,1.535520556,10.21312333,-3.212650027
549,1.5358525,10.215115,-3.115033314
550,1.536103056,10.21661833,1.717417223
551,1.536356111,10.21813667,6.564022447
552,1.53661,10.21966,6.808044242
553,1.536864167,10.221185,6.926808704
554,1.537202222,10.22321333,7.506950333
555,1.537532222,10.22519333,7.730214343
556,1.537781389,10.22668833,7.120819406
557,1.538031944,10.22819167,6.528941081
558,1.538281944,10.22969167,5.218000352
559,1.538530833,10.231185,3.6374572
560,1.538870556,10.23322333,9.734543517
561,1.539204167,10.235225,9.963690554
562,1.539453611,10.23672167,6.926897892
563,1.539703889,10.23822333,3.83367366
564,1.539954444,10.23972667,3.031160202
565,1.540205556,10.24123333,3.981837788
566,1.540541944,10.24325167,7.100693438
567,1.540871667,10.24523,7.679051533
568,1.5411175,10.246705,7.914727288
569,1.541364167,10.248185,8.182928057
570,1.541610833,10.249665,8.055746009
571,1.541860278,10.25116167,9.19741785
572,1.542205556,10.25323333,10.83813788
573,1.542541944,10.25525167,11.55916121
574,1.542790833,10.256745,8.495537852
575,1.543041944,10.25825167,5.349167437
576,1.543295,10.25977,7.799640963
577,1.543546389,10.26127833,12.20139835
578,1.543886111,10.26331667,14.95824375
579,1.544216944,10.26530167,11.0670867
580,1.544463889,10.26678333,13.44195959
581,1.544715833,10.268295,15.84850718
582,1.544966944,10.26980167,17.11661158
583,1.5452175,10.271305,19.33123568
584,1.545553611,10.27332167,16.71520446
585,1.545881667,10.27529,18.90915668
586,1.546129444,10.27677667,19.32307595
587,1.546378056,10.27826833,19.72855523
588,1.546625556,10.27975333,22.71657099
589,1.546878611,10.28127167,21.34268849
590,1.547218611,10.28331167,18.23369093
591,1.547554167,10.285325,15.78560071
592,1.547805,10.28683,16.14567729
593,1.54805,10.2883,16.79292996
594,1.548296111,10.28977667,13.36687117
595,1.548541667,10.29125,10.11969725
596,1.54888,10.29328,11.27358778
597,1.549213333,10.29528,12.30229105
598,1.54946,10.29676,10.49232289
599,1.549706944,10.29824167,8.290651095
600,1.549952778,10.29971667,6.065897755
601,1.550201111,10.29758667,9.007524766
602,1.550540278,10.29351667,9.397955781
603,1.550871111,10.28954667,8.101685194
604,1.551120278,10.28655667,10.37865302
605,1.551368889,10.28357333,12.5612029
606,1.551621111,10.28054667,9.89319378
607,1.551872222,10.27753333,9.242729731
608,1.552210278,10.27347667,6.134484491
609,1.552541389,10.26950333,6.386444033
610,1.552790556,10.26651333,7.391408162
611,1.55304,10.26352,8.492036769
612,1.553285556,10.26057333,9.010423376
613,1.553531667,10.25762,8.229865657
614,1.553866389,10.25360333,7.385894963
615,1.554197778,10.24962667,5.53513473
616,1.554446944,10.24663667,5.738228531
617,1.554692222,10.24369333,6.041325723
618,1.554938889,10.24073333,1.743400435
619,1.555185833,10.23777,2.109151855
620,1.555525278,10.23369667,-1.484916903
621,1.555855278,10.22973667,-2.777802842
622,1.556100278,10.22679667,-3.759632817
623,1.556346667,10.22384,-4.594362739
624,1.556596111,10.22084667,-7.323406748
625,1.556845556,10.21785333,-2.772355331
626,1.557183889,10.21379333,2.03404742
627,1.557515556,10.20981333,2.675202388
628,1.5577625,10.20685,-3.675729286
629,1.558012778,10.20384667,-10.17159122
630,1.558265833,10.20081,-9.820959506
631,1.558513333,10.19784,-9.4873035
632,1.558848056,10.19382333,-10.4757835
633,1.559176111,10.18988667,-8.716236351
634,1.559423333,10.18692,-6.82714889
635,1.559668611,10.18397667,-4.972326534
636,1.5599175,10.18099,-5.57546074
637,1.560166111,10.17800667,-5.866140868
638,1.560497778,10.17402667,-5.940045433
639,1.560824167,10.17011,-7.102364684
640,1.561071944,10.16713667,-9.126393934
641,1.561319722,10.16416333,-11.15407589
642,1.561569722,10.16116333,-13.16758233
643,1.561819444,10.15816667,-14.21714149
644,1.562163889,10.15403333,-14.40798525
645,1.562499167,10.15001,-12.82584974
646,1.562750556,10.14699333,-13.07030808
647,1.563000556,10.14399333,-13.24782196
648,1.563251389,10.14098333,-9.869317088
649,1.563500556,10.13799333,-8.859261803
650,1.563831667,10.13402,-6.313827646
651,1.564158333,10.1301,-6.061423982
652,1.564406111,10.12712667,-6.534541096
653,1.564653056,10.12416333,-6.799128958
654,1.564899444,10.12120667,-9.482182648
655,1.565148889,10.11821333,-12.83895567
656,1.565496389,10.11404333,-14.66563865
657,1.565833611,10.10999667,-15.71803832
658,1.566084444,10.10698667,-12.7309608
659,1.566334167,10.10399,-9.801623964
660,1.566581944,10.10101667,-9.906428855
661,1.566833056,10.10199667,-7.131358838
662,1.567167222,10.10600667,-9.696960241
663,1.567491944,10.10990333,-12.37617968
664,1.567739167,10.11287,-13.3432093
665,1.567986944,10.11584333,-14.33288505
666,1.568231944,10.11878333,-15.3493381
667,1.568476944,10.12172333,-14.77457964
668,1.568813889,10.12576667,-13.42943397
669,1.569145833,10.12975,-14.11855945
670,1.569394444,10.13273333,-11.87353593
671,1.5696425,10.13571,-9.552423631
672,1.569891389,10.13869667,-9.072566253
673,1.570141667,10.1417,-10.91498174
674,1.5704825,10.14579,-8.425653899
675,1.570814167,10.14977,-7.431983984
676,1.571060833,10.15273,-8.357463243
677,1.571311389,10.15573667,-9.254870645
678,1.571559167,10.15871,-8.367704883
679,1.5718075,10.16169,-10.59458862
680,1.572142778,10.16571333,-9.119688096
681,1.572474167,10.16969,-11.54650009
682,1.572719167,10.17263,-14.00573358
683,1.572967222,10.17560667,-16.2031071
684,1.573219444,10.17863333,-17.49922682
685,1.573471389,10.18165667,-18.59387575
686,1.573815556,10.18578667,-17.57801904
687,1.574148333,10.18978,-16.18556831
688,1.574397778,10.19277333,-15.32924747
689,1.574645278,10.19574333,-17.64186379
690,1.574893333,10.19872,-16.87539839
691,1.575142778,10.20171333,-16.4537918
692,1.575478056,10.20573667,-17.10375989
693,1.575803056,10.20963667,-15.41464309
694,1.576051667,10.21262,-17.99473697
695,1.576302222,10.21562667,-18.22970243
696,1.5765525,10.21863,-18.26558831
697,1.576800833,10.22161,-14.73289294
698,1.577134722,10.22561667,-11.64915054
699,1.577465556,10.22958667,-12.85829016
700,1.577718611,10.23262333,-9.906199919
701,1.577965,10.23558,-9.364562462
702,1.578213889,10.23856667,-8.969442919
703,1.578463056,10.24155667,-8.192876087
704,1.578801389,10.24561667,-6.281591087
705,1.579133889,10.24960667,-7.857544768
706,1.579383889,10.25260667,-7.569826668
707,1.579633889,10.25560667,-4.117964253
708,1.579882222,10.25858667,-0.146986852
709,1.580128056,10.26153667,-1.930210862
710,1.580466111,10.26559333,-3.863216029
711,1.580799444,10.26959333,0.379056061
712,1.581048889,10.27258667,1.573154498
713,1.581299444,10.27559333,3.287986325
714,1.581547222,10.27856667,4.684566424
715,1.581796389,10.28155667,5.050454741
716,1.582136111,10.28563333,6.901483145
717,1.582468056,10.28961667,8.554066939
718,1.582715556,10.29258667,11.20544023
719,1.582966944,10.29560333,12.81033913
720,1.583217222,10.29860667,14.4470291
721,1.583466667,10.3016,12.20814558
722,1.583801111,10.30561333,12.95354336
723,1.584130833,10.30957,12.20393091
724,1.584378889,10.31254667,15.19384414
725,1.58463,10.31556,15.89625686
726,1.584878611,10.31854333,16.34753805
727,1.585124444,10.32149333,17.74880689
728,1.585457778,10.32549333,14.19230129
729,1.585784167,10.32941,17.17524539
730,1.586028889,10.33234667,14.1790718
731,1.586276667,10.33532,9.781251178
732,1.586527778,10.33833333,5.49172464
733,1.586779167,10.34135,5.290760606
734,1.587110833,10.34533,5.180089548
735,1.587436111,10.34923333,4.643487395
736,1.587683611,10.35220333,3.077784931
737,1.587932222,10.35518667,4.727812527
738,1.588184444,10.35821333,6.652814046
739,1.588436667,10.36124,8.036760849
740,1.588774444,10.36529333,11.40543789
741,1.589103611,10.36924333,12.5324297
742,1.589349444,10.37219333,15.01698465
743,1.589601667,10.37522,14.84510779
744,1.589848333,10.37818,14.50939301
745,1.590098611,10.38118333,17.72051675
746,1.590439444,10.38527333,20.15719529
747,1.590772222,10.38926667,22.05877762
748,1.591016944,10.39220333,24.27197302
749,1.591260833,10.39513,28.4996051
750,1.591504722,10.39805667,32.60720157
751,1.591749722,10.40099667,34.30419009
752,1.592086111,10.40503333,34.84180479
753,1.592416667,10.409,34.69275559
754,1.592667222,10.41200667,35.09713894
755,1.592918611,10.41502333,33.72334126
756,1.593169722,10.41803667,32.36548719
757,1.593420833,10.42105,29.83996103
758,1.593758333,10.4251,30.89300675
759,1.594089167,10.42907,35.37856983
760,1.5943375,10.43205,38.09480464
761,1.594587778,10.43505333,37.87381856
762,1.594836389,10.43803667,37.48858432
763,1.595084722,10.44101667,39.95897042
764,1.595420278,10.44504333,43.32442657
765,1.595750833,10.44901,43.7561225
766,1.595999444,10.45199333,40.67261189
767,1.596247222,10.45496667,37.82526306
768,1.596495833,10.45795,34.93676479
769,1.596743611,10.46092333,32.05512372
770,1.597079444,10.46495333,27.88522093
771,1.597407778,10.46889333,24.58361643
772,1.597658056,10.47189667,21.1646318
773,1.597906667,10.47488,20.70714621
774,1.598155278,10.47786333,20.35231004
775,1.598405556,10.48086667,17.54380844
776,1.598740833,10.48489,21.41269709
777,1.599068889,10.48882667,20.60046924
778,1.599315556,10.49178667,18.30730368
779,1.599565833,10.49479,18.56377558
780,1.599812778,10.49775333,19.03940464
781,1.600061389,10.5,20.78593657
782,1.600392778,10.5,24.4413611
783,1.600719444,10.5,28.20662018
784,1.600971111,10.5,26.3844549
785,1.601218056,10.5,22.87341072
786,1.601468333,10.5,19.24379466
787,1.601716944,10.5,19.66644291
788,1.602050556,10.5,17.79871285
789,1.6023775,10.5,19.26148915
790,1.602626944,10.5,19.85048498
791,1.602876667,10.5,18.99612195
792,1.603127778,10.5,17.88427976
793,1.603377222,10.5,15.26058658
794,1.603723611,10.5,11.19957063
795,1.604061389,10.5,9.689234778
796,1.604308611,10.5,7.196466466
797,1.604561389,10.5,5.842522535
798,1.604811111,10.5,4.669002769
799,1.605062222,10.5,1.494025962
800,1.605391111,10.5,0.404468155
801,1.605711944,10.5,-0.403974064
802,1.605961111,10.5,-2.327802994
803,1.606207778,10.5,-3.270431208
804,1.606458611,10.5,-4.392613918
805,1.606707778,10.5,-8.531580833
806,1.607051389,10.5,-10.28227987
807,1.607385556,10.5,-11.04407851
808,1.607633333,10.5,-13.33812371
809,1.607885,10.5,-15.11153663
810,1.608133889,10.5,-16.68976241
811,1.608383333,10.5,-14.19041634
812,1.608719167,10.5,-11.16980809
813,1.609048056,10.5,-11.78277836
814,1.609295278,10.5,-13.20149279
815,1.609544167,10.5,-14.33852434
816,1.6097925,10.5,-15.47449462
817,1.610037778,10.5,-13.48971058
818,1.610381944,10.5,-9.797331245
819,1.610717222,10.5,-9.397125181
820,1.610966667,10.5,-8.636267754
821,1.611216944,10.5,-12.07058719
822,1.611465833,10.5,-15.43721595
823,1.6117125,10.5,-16.46850195
824,1.612058889,10.5,-13.28731409
825,1.612395833,10.5,-11.9194306
826,1.6126425,10.5,-9.931481821
827,1.612891111,10.5,-9.858233669
828,1.613140833,10.5,-9.509337535
829,1.613390833,10.5,-10.93935578
830,1.613723333,10.5,-10.81358354
831,1.6140525,10.5,-6.285102623
832,1.614303889,10.5,-6.591288368
833,1.614553333,10.5,-7.330337827
834,1.6148,10.5,-8.034985764
835,1.615049444,10.5,-7.633017132
836,1.615388611,10.5,-6.408073153
837,1.615718889,10.5,-5.350041918
838,1.615966944,10.5,-4.031915708
839,1.616217222,10.5,-0.096657337
840,1.616466667,10.5,3.969636433
841,1.616715833,10.500295,3.493233758
842,1.617055833,10.502335,4.612663288
843,1.617390278,10.50434167,6.468293742
844,1.617641667,10.50585,9.398410574
845,1.617893611,10.50736167,11.92821104
846,1.6181425,10.508855,14.09681268
847,1.618393056,10.51035833,17.80748051
848,1.6187225,10.512335,14.1698403
849,1.619049722,10.51429833,17.09881507
850,1.619303889,10.51582333,14.78843507
851,1.619555,10.51733,11.04852694
852,1.619803611,10.51882167,7.479110057
853,1.620052222,10.52031333,9.905348395
854,1.620381944,10.52229167,11.55463806
855,1.620706667,10.52424,13.58738666
856,1.6209575,10.525745,12.90155991
857,1.621209722,10.52725833,13.04429762
858,1.62146,10.52876,13.41751552
859,1.621710556,10.53026333,14.83982484
860,1.622051667,10.53231,15.9789545
861,1.622386667,10.53432,15.02743789
862,1.622634444,10.53580667,19.27835851
863,1.622885,10.53731,21.37711665
864,1.623136111,10.53881667,23.60674465
865,1.623387222,10.54032333,27.02273919
866,1.623721667,10.54233,26.73256495
867,1.624050556,10.54430333,28.35517432
868,1.624301944,10.54581167,29.02971107
869,1.624553333,10.54732,31.08097764
870,1.624805278,10.54883167,33.25065154
871,1.625055833,10.550335,35.50758299
872,1.6253875,10.552325,33.43652167
873,1.625716111,10.55429667,32.93226938
874,1.625964167,10.555785,34.08773789
875,1.626213333,10.55728,32.8221684
876,1.626465556,10.55879333,31.49401566
877,1.626716944,10.56030167,30.40847606
878,1.627051111,10.56230667,30.21159871
879,1.627379722,10.56427833,33.2230602
880,1.627629722,10.56577833,35.52780159
881,1.627879444,10.56727667,37.13932902
882,1.628128611,10.56877167,38.60089031
883,1.628378889,10.57027333,39.51672604
884,1.628716389,10.57229833,40.89356582
885,1.629052778,10.57431667,39.85186937
886,1.629302222,10.57581333,39.70237678
887,1.629554167,10.577325,41.22690453
888,1.629807222,10.57884333,42.85041558
889,1.630065556,10.58039333,40.95784989
890,1.630398611,10.58239167,38.51198655
891,1.630727222,10.58436333,41.28535814
892,1.630975278,10.58585167,36.06261236
893,1.6312225,10.587335,35.14175023
894,1.631471111,10.58882667,34.35710865
895,1.631718889,10.59031333,34.51322351
896,1.632052222,10.59231333,39.15925686
897,1.632381389,10.59428833,40.07808536
898,1.632630833,10.595785,40.18608267
899,1.632882222,10.59729333,43.2312887
900,1.633132222,10.59879333,46.1923354
901,1.633382778,10.60029667,48.11181254
902,1.633718889,10.60231333,51.19410378
903,1.634051667,10.60431,51.00922691
904,1.634302222,10.60581333,51.55591984
905,1.634554444,10.60732667,48.53191864
906,1.634804444,10.60882667,45.37386531
907,1.635051111,10.61030667,44.15620682
908,1.635384722,10.61230833,42.19299364
909,1.635712778,10.61427667,41.7662436
910,1.635958611,10.61575167,40.48945872
911,1.636206389,10.61723833,41.00846713
912,1.636455833,10.618735,41.51341596
913,1.636705833,10.620235,40.75561235
914,1.637045,10.62227,35.47752114
915,1.6373775,10.624265,32.91859176
916,1.637629167,10.625775,30.69611096
917,1.63788,10.62728,29.09921068
918,1.638128611,10.62877167,27.6363099
919,1.638376111,10.63025667,24.47329491
920,1.638718889,10.63231333,24.97536158
921,1.6390525,10.634315,23.15345803
922,1.639299444,10.63579667,17.808125
923,1.639545278,10.63727167,14.5482054
924,1.639797222,10.63878333,11.22264023
925,1.640044722,10.64026833,7.735085621
926,1.640385556,10.64231333,9.085719708
927,1.64072,10.64432,9.354810858
928,1.640967778,10.64580667,7.282348073
929,1.641217222,10.64730333,9.21400269
930,1.641467222,10.64880333,11.11459534
931,1.641717778,10.65030667,12.48183229
932,1.642053333,10.65232,13.80157658
933,1.642379167,10.654275,10.40354135
934,1.642622778,10.65573667,5.582000309
935,1.642870278,10.65722167,4.328249445
936,1.643124167,10.658745,3.302125078
937,1.643370833,10.660225,2.354017483
938,1.643707222,10.66224333,3.774341086
939,1.644038889,10.66423333,2.104187037
940,1.644287222,10.66572333,0.834218097
941,1.644533889,10.66720333,-2.33576547
942,1.644779167,10.668675,-5.325827099
943,1.6450275,10.670165,-7.584807345
944,1.645369167,10.672215,-6.144667953
945,1.645702778,10.67421667,-7.0777036
946,1.645954167,10.675725,-6.282364025
947,1.646205278,10.67723167,-9.427309283
948,1.6464575,10.678745,-12.73376412
949,1.646709444,10.68025667,-15.175309
950,1.647055,10.68233,-19.61572308
951,1.647391111,10.68434667,-16.22620598
952,1.647639722,10.68583833,-17.59857819
953,1.647888333,10.68733,-17.64031564
954,1.648138611,10.68883167,-19.92946503
955,1.648387222,10.69032333,-19.15301898
956,1.648720833,10.692325,-18.52392072
957,1.649045833,10.694275,-18.53824538
958,1.649297222,10.69578333,-19.07087629
959,1.649545278,10.69727167,-17.56594372
960,1.649794167,10.698765,-17.78317941
961,1.650040556,10.7,-15.60820363
962,1.650382778,10.7,-15.74245713
963,1.650715556,10.7,-19.21589211
964,1.650960278,10.7,-18.5960111
965,1.651207778,10.7,-19.11024741
966,1.651453056,10.7,-14.93959652
967,1.651702222,10.7,-10.73208498
968,1.652039722,10.7,-6.575844805
969,1.652372778,10.7,-5.572374339
970,1.652621667,10.7,-5.262939165
971,1.652871667,10.7,-8.555800934
972,1.653122222,10.7,-12.38671467
973,1.653373611,10.7,-15.88517004
974,1.653714444,10.7,-15.0086388
975,1.654049444,10.7,-14.28044895
976,1.654296389,10.7,-17.61987225
977,1.654545,10.7,-13.51523098
978,1.654791944,10.7,-12.84564526
979,1.655039167,10.7,-12.1729242
980,1.655381667,10.7,-11.90177602
981,1.655719444,10.7,-8.784415791
982,1.655968889,10.7,-7.373077391
983,1.656220556,10.7,-6.816828868
984,1.65647,10.7,-3.23970719
985,1.656720833,10.7,0.194196749
986,1.657054167,10.7,-0.695680115
987,1.657382222,10.7,-3.025127266
988,1.65763,10.7,-5.848180229
989,1.657880278,10.7,-2.868525677
990,1.6581275,10.7,-3.089444373
991,1.658373611,10.7,-3.293871938
992,1.658717222,10.7,-2.473556033
993,1.659049722,10.7,-1.189635926
994,1.659298333,10.7,-1.072044464
995,1.659545,10.7,-0.327627909
996,1.659793611,10.7,2.037314094
997,1.660043889,10.7,4.294819033
998,1.660389444,10.7,3.576289262
999,1.6607225,10.7,4.435333815
1000,1.660970278,10.7,6.362038006
1001,1.661217778,10.7,5.54225185
1002,1.661465556,10.7,5.552286048
1003,1.661714444,10.7,5.765461739
1004,1.6620575,10.7,9.333019691
1005,1.662391389,10.7,7.477656438
1006,1.662639722,10.7,8.770991761
1007,1.662889167,10.7,9.445396185
1008,1.663138889,10.7,7.914528395
1009,1.66339,10.7,6.423038317
1010,1.663718889,10.7,9.37915106
1011,1.664046389,10.7,11.48997768
1012,1.664296667,10.7,10.54038826
1013,1.664545278,10.7,7.325220795
1014,1.664791667,10.7,9.240293091
1015,1.665036667,10.7,11.40152854
1016,1.665376667,10.7,13.86482571
1017,1.665706667,10.7,17.53189238
1018,1.665952778,10.7,19.35777917
1019,1.666199167,10.7,19.57433832
1020,1.666446389,10.7,20.42018567
1021,1.666696944,10.70018167,20.48542366
1022,1.667035556,10.70221333,19.85865932
1023,1.667366667,10.7042,19.99710519
1024,1.667615,10.70569,22.68064776
1025,1.667864444,10.70718667,23.7016012
1026,1.668113056,10.70867833,20.70227068
1027,1.668360833,10.710165,18.24338798
1028,1.6686925,10.712155,17.43971515
1029,1.669020556,10.71412333,19.89495884
1030,1.669267222,10.71560333,18.83595935
1031,1.669513611,10.71708167,16.96268884
1032,1.669759722,10.71855833,16.04374376
1033,1.670009167,10.720055,15.12083899
1034,1.670341111,10.72204667,19.3110961
1035,1.670668889,10.72401333,15.89469685
1036,1.670920278,10.72552167,13.24476859
1037,1.671170556,10.72702333,15.71502028
1038,1.6714175,10.728505,15.01251878
1039,1.671665,10.72999,13.9882765
1040,1.6719975,10.731985,11.86349688
1041,1.672326389,10.73395833,8.187069717
1042,1.672574722,10.73544833,6.259422537
1043,1.672820833,10.736925,7.694126274
1044,1.673068611,10.73841167,8.553575796
1045,1.673318611,10.73991167,9.309200872
1046,1.673658611,10.74195167,8.127602841
1047,1.673991389,10.74394833,6.675962503
1048,1.674239722,10.74543833,4.524615424
1049,1.674485833,10.746915,6.588055415
1050,1.674735833,10.748415,6.265342563
1051,1.674984444,10.74990667,6.3350006
1052,1.675318889,10.75191333,6.681452252
1053,1.675649444,10.75389667,6.391690869
1054,1.6759,10.7554,6.304147011
1055,1.676148611,10.75689167,6.195151418
1056,1.676395278,10.75837167,2.947331039
1057,1.676643889,10.75986333,-0.343783622
1058,1.676980833,10.761885,-1.367554561
1059,1.677314722,10.76388833,0.565100029
1060,1.677561389,10.76536833,-0.629262529
1061,1.677810833,10.766865,0.601784085
1062,1.678061389,10.76836833,-0.783430804
1063,1.678309722,10.76985833,-2.376172543
1064,1.678646667,10.77188,-1.35821215
1065,1.678981111,10.77388667,-2.717432803
1066,1.6792325,10.775395,-5.675307121
1067,1.679485556,10.77691333,-2.195192697
1068,1.679738889,10.77843333,0.917730098
1069,1.679989722,10.77993833,4.036024709
1070,1.680328056,10.78196833,4.00989124
1071,1.680659444,10.78395667,3.549980458
1072,1.680905556,10.78543333,2.224021783
1073,1.681153056,10.78691833,-3.138960145
1074,1.681403611,10.78842167,-2.536161574
1075,1.681656667,10.78994,-1.70186069
1076,1.681996667,10.79198,-1.355623169
1077,1.682328056,10.79396833,-1.731477712
1078,1.682574722,10.79544833,0.626568051
1079,1.682820833,10.796925,0.933054877
1080,1.683068333,10.79841,-0.069506477
1081,1.683318056,10.79990833,-1.284972348
1082,1.683656944,10.8,0.787261222
1083,1.683991111,10.8,2.135800573
1084,1.684236111,10.8,5.133811632
1085,1.684483889,10.8,6.575460893
1086,1.684733889,10.8,5.479892997
1087,1.684981667,10.8,4.588704146
1088,1.685324444,10.8,7.427932629
1089,1.685658056,10.8,7.61351637
1090,1.685907222,10.8,6.570165284
1091,1.686154167,10.8,5.064025713
1092,1.6864025,10.8,3.585688461
1093,1.686653889,10.8,2.165845026
1094,1.686998611,10.8,4.671727281
1095,1.687335556,10.8,3.262723708
1096,1.687584167,10.8,-2.50558267
1097,1.687833333,10.8,0.622577939
1098,1.688081944,10.8,-0.139785026
1099,1.688328056,10.8,-0.914818614
1100,1.688663333,10.8,-0.632194938
1101,1.688996667,10.8,-2.835754199
1102,1.689242778,10.8,-0.49315602
1103,1.689491111,10.8,-1.040325378
1104,1.689740833,10.8,4.301641975
1105,1.689989167,10.8,9.658850841
1106,1.6903325,10.8,6.932324769
1107,1.690668889,10.8,6.493067226
1108,1.690919444,10.8,8.971335099
1109,1.6911725,10.8,9.816949806
1110,1.691420278,10.8,9.762816381
1111,1.691666667,10.8,9.533325589
1112,1.691998611,10.8,7.953437814
1113,1.692326389,10.8,7.897621203
1114,1.692578611,10.8,6.339113634
1115,1.692828889,10.8,5.642314661
1116,1.693077222,10.8,3.028893988
1117,1.693325833,10.8,0.187898112
1118,1.693666111,10.8,0.637560584
1119,1.693999444,10.8,2.549383196
1120,1.694250556,10.8,4.430205972
1121,1.694503056,10.8,3.976657067
1122,1.694749722,10.8,6.761918604
1123,1.695004722,10.8,9.637650305
1124,1.695339167,10.8,9.242919605
1125,1.695666944,10.8,5.3198664
1126,1.695916389,10.8,4.333953311
1127,1.696160556,10.8,6.056499119
1128,1.696411111,10.8,7.49133898
1129,1.696661944,10.8,9.236913384
1130,1.697003889,10.8,13.09493037
1131,1.697336667,10.8,13.06022015
1132,1.697582222,10.8,9.413588027
1133,1.697831667,10.8,8.199834572
1134,1.698078611,10.8,8.891861496
1135,1.698325833,10.8,9.448903532
1136,1.6986625,10.8,11.61966011
1137,1.698993056,10.8,13.4320094
1138,1.699236389,10.8,16.64396757
1139,1.699483889,10.8,16.70401643
1140,1.699728889,10.8,18.86284795
1141,1.699975278,10.8,20.84354711
1142,1.700313333,10.80188,17.90300879
1143,1.700645,10.80387,18.60559677
1144,1.700893611,10.80536167,17.66275637
1145,1.701144167,10.806865,18.51240108
1146,1.70139,10.80834,18.01241282
1147,1.701639167,10.809835,17.98347935
1148,1.701973611,10.81184167,18.1602543
1149,1.702302778,10.81381667,23.71536963
1150,1.702550278,10.81530167,23.92509286
1151,1.702798889,10.81679333,24.45621159
1152,1.703046667,10.81828,26.16671866
1153,1.703296944,10.81978167,27.29008562
1154,1.703640556,10.82184333,28.10325177
1155,1.7039775,10.823865,25.29301466
1156,1.704225,10.82535,23.11452093
1157,1.704473611,10.82684167,23.7902635
1158,1.704719722,10.82831833,21.92970755
1159,1.704967222,10.82980333,20.20407987
1160,1.705299444,10.83179667,21.26361943
1161,1.705627778,10.83376667,21.00535657
1162,1.705876389,10.83525833,18.25292781
1163,1.706126667,10.83676,20.83801353
1164,1.706375,10.83825,23.05947719
1165,1.706621944,10.83973167,25.24199697
1166,1.7069525,10.841715,26.9886941
1167,1.707278889,10.84367333,26.10373703
1168,1.707525833,10.845155,25.94813797
1169,1.707773889,10.84664333,27.65342502
1170,1.708021944,10.84813167,25.71237039
1171,1.708269722,10.84961833,23.85558354
1172,1.708609167,10.851655,22.73651441
1173,1.708940278,10.85364167,22.03286515
1174,1.709188889,10.85513333,22.68247721
1175,1.709439722,10.85663833,21.23125627
1176,1.709683889,10.85810333,17.66954799
1177,1.709934444,10.85960667,14.0647934
1178,1.710274444,10.86164667,14.6157066
1179,1.710606944,10.86364167,17.69772474
1180,1.71086,10.86516,17.81836291
1181,1.711109167,10.866655,17.52537428
1182,1.711357778,10.86814667,16.78079316
1183,1.711606389,10.86963833,15.84981713
1184,1.711941944,10.87165167,12.83780461
1185,1.712268889,10.87361333,8.118448722
1186,1.712515556,10.87509333,4.492917117
1187,1.712764167,10.876585,9.194347377
1188,1.713013611,10.87808167,11.41488636
1189,1.713261111,10.87956667,13.56368447
1190,1.713603611,10.88162167,13.51525683
1191,1.7139375,10.883625,13.82766624
1192,1.714181944,10.88509167,12.83879043
1193,1.714428889,10.88657333,9.001159191
1194,1.714675556,10.88805333,6.650171589
1195,1.714926944,10.88956167,4.478608873
1196,1.715266944,10.89160167,4.807803373
1197,1.715596667,10.89358,3.20221274
1198,1.715844167,10.895065,3.949872549
1199,1.716092222,10.89655333,5.564530431
1200,1.7163425,10.898055,4.78612913
1201,1.716589722,10.89953833,3.929212275
1202,1.716926389,10.90155833,3.202439731
1203,1.717259444,10.90355667,6.070144084
1204,1.717511944,10.90507167,5.887075125
1205,1.717760556,10.90656333,6.752184889
1206,1.71801,10.90806,3.449543923
1207,1.718261389,10.90956833,0.183786554
1208,1.718603611,10.91162167,1.069358575
1209,1.718936667,10.91362,0.234608746
1210,1.719184167,10.915105,-2.862262133
1211,1.719431944,10.91659167,-3.523918448
1212,1.719681111,10.91808667,-1.640032873
1213,1.719932222,10.91959333,0.324868488
1214,1.720273333,10.92164,3.598593926
1215,1.720603056,10.92361833,2.683877356
1216,1.7208525,10.925115,-1.343283391
1217,1.721104444,10.92662667,-0.94020987
1218,1.721353056,10.92811833,-0.543575186
1219,1.721601111,10.92960667,-0.131742558
1220,1.721946389,10.93167833,0.419979109
1221,1.722280833,10.933685,-2.35690784
1222,1.722530833,10.935185,-2.852963071
1223,1.722781667,10.93669,-4.023177309
1224,1.723029722,10.93817833,-1.73891499
1225,1.7232775,10.939665,0.623333409
1226,1.723609167,10.941655,-3.245727078
1227,1.723935278,10.94361167,-4.800193979
1228,1.7241825,10.945095,-2.610821587
1229,1.724432778,10.94659667,-1.754082185
1230,1.724681111,10.94808667,-0.788957762
1231,1.724933333,10.9496,-0.078432093
1232,1.725270556,10.95162333,-3.142126188
1233,1.725599722,10.95359833,-4.786200926
1234,1.725848611,10.95509167,-7.155718684
1235,1.726097222,10.95658333,-10.1786018
1236,1.7263475,10.958085,-16.15623695
1237,1.726596389,10.95957833,-19.82731463
1238,1.726935556,10.96161333,-19.49325372
1239,1.727267222,10.96360333,-17.03254993
1240,1.727513611,10.96508167,-17.58504316
1241,1.727762222,10.96657333,-17.55386115
1242,1.728016111,10.96809667,-19.26315632
1243,1.728266389,10.96959833,-19.52131913
1244,1.728606667,10.97164,-19.17873647
1245,1.728938889,10.97363333,-19.08964445
1246,1.729187778,10.97512667,-18.0965672
1247,1.729439167,10.976635,-17.1096005
1248,1.729686667,10.97812,-19.04476865
1249,1.729933333,10.9796,-19.90220956
1250,1.7302725,10.981635,-15.72961948
1251,1.730605,10.98363,-16.58092666
1252,1.7308525,10.985115,-17.95800277
1253,1.731100278,10.98660167,-17.34493163
1254,1.731347778,10.98808667,-18.6434831
1255,1.731597222,10.98958333,-18.38208133
1256,1.731939722,10.99163833,-18.00933604
1257,1.732275278,10.99365167,-19.80213096
1258,1.732520833,10.995125,-17.79222767
1259,1.732767778,10.99660667,-17.41722742
1260,1.733014444,10.99808667,-18.7698046
1261,1.733262222,10.99957333,-15.62210233
1262,1.733601111,11,-16.15358964
1263,1.733931111,11,-17.27257169
1264,1.734178611,11,-15.13595592
1265,1.734424444,11,-13.8937803
1266,1.734673056,11,-12.72259611
1267,1.734924167,11,-14.01265472
1268,1.735265,11,-14.88157861
1269,1.735594722,11,-13.30645646
1270,1.735845,11,-15.5803147
1271,1.736094444,11,-14.59600946
1272,1.736346111,11,-13.65955092
1273,1.736601944,11,-9.220376543
1274,1.73694,11,-10.58036059
1275,1.737269722,11,-10.60689616
1276,1.737516389,11,-8.771671869
1277,1.737763889,11,-7.89466484
1278,1.738010556,11,-7.101015805
1279,1.738256667,11,-10.2090045
1280,1.738593611,11,-13.24689109
1281,1.738924444,11,-12.38961016
1282,1.739173889,11,-9.453457833
1283,1.7394225,11,-8.749590924
1284,1.739671944,11,-8.15835817
1285,1.7399225,11,-7.286093372
1286,1.7402625,11,-5.120442381
1287,1.740596111,11,-4.098905591
1288,1.740844444,11,-2.640253189
1289,1.741092778,11,-3.906138571
1290,1.741345,11,-5.217841309
1291,1.741593611,11,-6.313824227
1292,1.741932778,11,-5.976431095
1293,1.742268889,11,-7.90950959
1294,1.742520833,11,-6.45870675
1295,1.742773889,11,-6.380964136
1296,1.743021944,11,-6.072865488
1297,1.743270278,11,-7.278262137
1298,1.743607778,11,-5.578140111
1299,1.743939167,11,-6.770965485
1300,1.744191111,11,-7.652893232
1301,1.744437222,11,-9.455425225
1302,1.744685833,11,-11.57498178
1303,1.744933611,11,-12.44386639
1304,1.745275,11,-10.51919239
1305,1.745608333,11,-12.53636417
1306,1.745854444,11,-9.663559637
1307,1.746104722,11,-7.540963851
1308,1.746353333,11,-5.213926333
1309,1.746601111,11,-3.599618442
1310,1.7469425,11,-3.259225619
1311,1.747276389,11,-4.521054849
1312,1.747525556,11,-6.821243603
1313,1.747773333,11,-4.048202101
1314,1.7480225,11,-1.187375676
1315,1.748271944,11,-0.740053636
1316,1.748613611,11,1.008775875
1317,1.748942778,11,1.414498556
1318,1.749190556,11,3.360304835
1319,1.749437778,11,5.133753553
1320,1.749685556,11,7.000943396
1321,1.749933333,11,7.148945517
1322,1.750276111,11.00331333,7.741693463
1323,1.750610278,11.00732333,12.1800751
1324,1.750858056,11.01029667,11.66096604
1325,1.751106667,11.01328,15.28677753
1326,1.751356111,11.01627333,18.73503378
1327,1.751603056,11.01923667,17.65618074
1328,1.751939167,11.02327,17.31465486
1329,1.752273611,11.02728333,16.27884307
1330,1.752521944,11.03026333,14.600528
1331,1.752770556,11.03324667,14.9530972
1332,1.753019167,11.03623,15.41471243
1333,1.753271111,11.03925333,11.64834809
1334,1.753604722,11.04325667,15.33248836
1335,1.753933056,11.04719667,14.37904085
1336,1.754183333,11.0502,12.9043702
1337,1.754430833,11.05317,15.12337635
1338,1.754679444,11.05615333,17.203296
1339,1.754930556,11.05916667,20.21853694
1340,1.755271389,11.06325667,19.87613499
1341,1.755604167,11.06725,23.8474094
1342,1.755853611,11.07024333,22.69298556
1343,1.756099444,11.07319333,23.75043495
1344,1.7563475,11.07617,25.0430191
1345,1.756594444,11.07913333,25.5243454
1346,1.756936944,11.08324333,28.12333
1347,1.757270833,11.08725,27.21558121
1348,1.757519444,11.09023333,26.11128938
1349,1.757766111,11.09319333,24.48327082
1350,1.758011667,11.09614,22.8432657
1351,1.758260278,11.09912333,22.66637049
1352,1.758595556,11.10314667,23.92809357
1353,1.758926389,11.10711667,23.513563
1354,1.759177778,11.11013333,26.03785831
1355,1.759428056,11.11313667,25.57287651
1356,1.759676667,11.11612,24.99289216
1357,1.759925833,11.11911,27.14443433
1358,1.760269722,11.12323667,30.24843547
1359,1.760605833,11.12727,26.98094506
1360,1.760851944,11.13022333,27.16582177
1361,1.761101944,11.13322333,26.88558533
1362,1.761350556,11.13620667,26.92602183
1363,1.761597222,11.13916667,26.24657518
1364,1.761937222,11.14324667,23.48244456
1365,1.762270556,11.14724667,25.43873155
1366,1.762519444,11.15023333,27.63723994
1367,1.7627725,11.15327,24.64908373
1368,1.763020556,11.15624667,21.26180609
1369,1.763267778,11.15921333,21.84135431
1370,1.763605833,11.16327,21.04908524
1371,1.763935556,11.16722667,21.66089835
1372,1.764181389,11.17017667,20.11244765
1373,1.764430556,11.17316667,18.03386506
1374,1.764685,11.17622,16.02317295
1375,1.764935278,11.17922333,15.16691704
1376,1.765276111,11.18331333,10.78919512
1377,1.765605833,11.18727,5.337709428
1378,1.765853333,11.19024,0.185435774
1379,1.766101944,11.19322333,-1.874117551
1380,1.766348611,11.19618333,-4.061983409
1381,1.766596111,11.19915333,-3.777354519
1382,1.766938889,11.2,-3.936270388
1383,1.767272778,11.2,-3.98207936
1384,1.767521944,11.2,-4.093032262
1385,1.767771389,11.2,-2.327057175
1386,1.768020833,11.2,-0.299531863
1387,1.768273056,11.2,-1.757012079
1388,1.7686075,11.2,-2.335834804
1389,1.768933611,11.2,-5.282000536
1390,1.769178611,11.2,-5.551072604
1391,1.769427778,11.2,-4.633659559
1392,1.7696775,11.2,-3.941352226
1393,1.769926944,11.2,-0.311262665
1394,1.770268611,11.2,-2.240568875
1395,1.770605,11.2,-3.321889165
1396,1.770853333,11.2,-2.23916315
1397,1.771101111,11.2,-1.918881203
1398,1.771349722,11.2,-1.636814549
1399,1.771598333,11.2,-1.88832789
1400,1.771941111,11.2,-4.727310211
1401,1.772276944,11.2,-3.929657517
1402,1.772523611,11.2,-6.189773382
1403,1.772768611,11.2,-7.822499074
1404,1.773016944,11.2,-9.395867007
1405,1.773264722,11.2,-8.061849562
1406,1.773603056,11.2,-7.276459885
1407,1.773934722,11.2,-6.33667088
1408,1.774181389,11.2,-2.237839356
1409,1.774430556,11.2,-1.119737094
1410,1.7746775,11.2,-0.139452684
1411,1.774924167,11.2,0.031877587
1412,1.775261389,11.2,1.292069668
1413,1.775595,11.2,2.564760169
1414,1.775846944,11.2,4.337413598
1415,1.776095833,11.2,4.580775283
1416,1.776346944,11.2,5.437949429
1417,1.7765975,11.2,7.176939929
1418,1.776934444,11.2,5.312902918
1419,1.777266111,11.2,5.102149663
1420,1.777513056,11.2,6.186857749
1421,1.777762222,11.2,7.279524036
1422,1.778008889,11.2,8.012415435
1423,1.778256389,11.2,7.676332108
1424,1.778596667,11.2,12.60906879
1425,1.778929167,11.2,12.37050546
1426,1.779180278,11.2,14.29428203
1427,1.779428889,11.2,15.20773608
1428,1.779675556,11.2,16.24411128
1429,1.7799225,11.2,15.49384963
1430,1.780257778,11.2,16.54706499
1431,1.780584722,11.2,18.63108923
1432,1.780831667,11.2,18.21564399
1433,1.781081111,11.2,20.67199697
1434,1.781329444,11.2,23.329276
1435,1.781576389,11.2,22.84500844
1436,1.781911667,11.2,24.25793332
1437,1.782240556,11.2,24.74035136
1438,1.782486944,11.2,26.48472766
1439,1.782733056,11.2,22.99940885
1440,1.7829825,11.2,19.53427185
1441,1.783231944,11.2,19.40005398
1442,1.783564444,11.20138667,16.34955823
1443,1.783888611,11.20333167,20.99184906
1444,1.784135833,11.204815,17.83816745
1445,1.784384167,11.206305,18.61661716
1446,1.784634444,11.20780667,19.5253816
1447,1.784882222,11.20929333,17.97910012
1448,1.785218611,11.21131167,20.50145526
1449,1.785547222,11.21328333,22.08327927
1450,1.785797778,11.21478667,22.57075467
1451,1.786049167,11.216295,24.60145535
1452,1.7863,11.2178,26.77743408
1453,1.786550556,11.21930333,21.97274033
1454,1.786883333,11.2213,22.15994319
1455,1.787208333,11.22325,23.87899437
1456,1.787458611,11.22475167,22.05509513
1457,1.787705833,11.226235,26.58736182
1458,1.787956667,11.22774,31.13647204
1459,1.78821,11.22926,33.22444113
1460,1.788550833,11.231305,33.36930688
1461,1.788878056,11.23326833,38.0393256
1462,1.789123611,11.23474167,39.94298284
1463,1.7893725,11.236235,37.11310895
1464,1.789619722,11.23771833,34.35995625
1465,1.789866389,11.23919833,36.99536483
1466,1.790200278,11.24120167,40.62685893
1467,1.790528056,11.24316833,38.94908176
1468,1.790772222,11.24463333,40.99705148
1469,1.791019167,11.246115,39.61898912
1470,1.7912675,11.247605,38.26263944
1471,1.791515,11.24909,38.89396054
1472,1.791845556,11.25107333,37.26655834
1473,1.792171944,11.25303167,36.42401917
1474,1.792419722,11.25451833,39.08643596
1475,1.79267,11.25602,36.99433509
1476,1.792922222,11.25753333,35.09878042
1477,1.793169722,11.25901833,37.59543113
1478,1.793501389,11.26100833,41.09773993
1479,1.793825,11.26295,41.2743822
1480,1.79407,11.26442,45.00856147
1481,1.79432,11.26592,42.3249436
1482,1.794571389,11.26742833,39.64269256
1483,1.79482,11.26892,39.44593406
1484,1.795161667,11.27097,39.3047762
1485,1.795498889,11.27299333,41.61099552
1486,1.795750278,11.27450167,41.42644992
1487,1.795998056,11.27598833,42.52381334
1488,1.796248889,11.27749333,43.69385482
1489,1.796498611,11.27899167,45.14455946
1490,1.796834167,11.281005,48.13506917
1491,1.797161944,11.28297167,47.18371463
1492,1.797410556,11.28446333,47.2493799
1493,1.797657222,11.28594333,48.3316429
1494,1.797906389,11.28743833,49.24714224
1495,1.798156389,11.28893833,49.32348
1496,1.798497778,11.29098667,45.09162357
1497,1.7988325,11.292995,41.25014599
1498,1.799082778,11.29449667,38.21355043
1499,1.799331944,11.29599167,37.01341374
1500,1.799583611,11.29750167,35.83125059
1501,1.799831667,11.29899,35.35711811
1502,1.800160833,11.300965,36.16561117
1503,1.800486111,11.30291667,36.97433828
1504,1.800735,11.30441,34.01661208
1505,1.800984167,11.305905,32.23401014
1506,1.801231667,11.30739,30.68075572
1507,1.801479444,11.30887667,29.55463876
1508,1.801818333,11.31091,29.35249396
1509,1.802151111,11.31290667,23.74947611
1510,1.802397778,11.31438667,25.65927429
1511,1.802648056,11.31588833,22.99121211
1512,1.802898333,11.31739,20.10414575
1513,1.803146944,11.31888167,19.60163813
1514,1.803484444,11.32090667,18.7021762
1515,1.803817778,11.32290667,19.53248606
1516,1.804068056,11.32440833,18.09343518
1517,1.804313056,11.32587833,17.43222028
1518,1.804556944,11.32734167,16.96792251
1519,1.804805556,11.32883333,15.70509488
1520,1.805145278,11.33087167,16.10526106
1521,1.805476944,11.33286167,13.19719348
1522,1.805725278,11.33435167,9.893792363
1523,1.805975278,11.33585167,7.056160961
1524,1.806224722,11.33734833,4.166435015
1525,1.806476667,11.33886,5.822950109
1526,1.806815833,11.340895,3.715612985
1527,1.807151944,11.34291167,1.163356174
1528,1.807402222,11.34441333,-0.624422339
1529,1.80765,11.3459,1.108143101
1530,1.807897222,11.34738333,2.674709831
1531,1.808145833,11.348875,2.919008996
1532,1.808485278,11.35091167,1.820161571
1533,1.808814167,11.352885,2.815783417
1534,1.809059167,11.354355,-1.102216888
1535,1.809308611,11.35585167,-3.390753667
1536,1.8095575,11.357345,-5.221426484
1537,1.809803611,11.35882167,-5.65524788
1538,1.810132778,11.36079667,-8.402679803
1539,1.810456944,11.36274167,-6.892600853
1540,1.810703611,11.36422167,-5.631713808
1541,1.810953056,11.36571833,-3.210069228
1542,1.811200833,11.367205,-0.652069841
1543,1.811447222,11.36868333,-1.132028042
1544,1.811779722,11.37067833,3.059847792
1545,1.812105556,11.37263333,2.776628651
1546,1.812355556,11.37413333,4.572613148
1547,1.812603333,11.37562,3.249238041
1548,1.812850833,11.377105,1.741627156
1549,1.813105833,11.378635,1.965037234
1550,1.813443889,11.38066333,2.814574152
1551,1.813769167,11.382615,4.503535116
1552,1.814018889,11.38411333,7.421432743
1553,1.814266389,11.38559833,6.844099781
1554,1.814520278,11.38712167,6.542705763
1555,1.814770556,11.38862333,9.727681537
1556,1.815105278,11.39063167,9.002785492
1557,1.815434167,11.392605,11.39979051
1558,1.815679722,11.39407833,11.4969619
1559,1.815925833,11.395555,8.761075965
1560,1.8161725,11.397035,6.059165968
1561,1.8164225,11.398535,6.988659648
1562,1.816761667,11.40057,4.068724485
1563,1.817091667,11.40255,4.127169901
1564,1.817341111,11.40404667,3.832927388
1565,1.817589444,11.40553667,-0.140341244
1566,1.817836944,11.40702167,-4.164801669
1567,1.818086667,11.40852,-4.453009077
1568,1.818427222,11.41056333,-2.839190526
1569,1.818756667,11.41254,-3.214024031
1570,1.819003056,11.41401833,-2.098139241
1571,1.81925,11.4155,-2.976665936
1572,1.819495556,11.41697333,-3.754076513
1573,1.819741667,11.41845,-10.42627414
1574,1.820076667,11.42046,-14.26200553
1575,1.820405556,11.42243333,-14.81729746
1576,1.820654167,11.423925,-17.71804826
1577,1.820903611,11.42542167,-18.0169188
1578,1.821151111,11.42690667,-18.19475221
1579,1.8214025,11.428415,-18.83251423
1580,1.821740556,11.43044333,-19.15864629
1581,1.822073333,11.43244,-19.1587721
1582,1.822321667,11.43393,-17.50108601
1583,1.822571111,11.43542667,-15.68474748
1584,1.822822778,11.43693667,-16.56244464
1585,1.823072222,11.43843333,-13.51425034
1586,1.82341,11.44046,-13.52225225
1587,1.823738333,11.44243,-15.23608908
1588,1.823984722,11.44390833,-17.49515077
1589,1.824230556,11.44538333,-19.26469892
1590,1.824476389,11.44685833,-19.27686134
1591,1.8247275,11.448365,-19.37215814
1592,1.825058333,11.45035,-16.36993819
1593,1.825381944,11.45229167,-14.20680606
1594,1.825631389,11.45378833,-15.12716423
1595,1.825882778,11.45529667,-14.80237399
1596,1.826136111,11.45681667,-13.84403186
1597,1.826385278,11.45831167,-12.72211396
1598,1.826720556,11.46032333,-11.58801345
1599,1.827047778,11.46228667,-9.892436035
1600,1.827295278,11.46377167,-6.718152715
1601,1.827540556,11.46524333,-6.801619632
1602,1.827788611,11.46673167,-5.442089638
1603,1.828037222,11.46822333,-4.276539977
1604,1.828375278,11.47025167,-3.223250594
1605,1.828703611,11.47222167,-0.176544663
1606,1.828952778,11.47371667,-0.601761575
1607,1.829200278,11.47520167,1.166216473
1608,1.829448056,11.47668833,1.133774385
1609,1.829699444,11.47819667,1.19669301
1610,1.830036389,11.48021833,4.679905435
1611,1.830368333,11.48221,8.087703367
1612,1.830621667,11.48373,9.101345702
1613,1.830868889,11.48521333,7.79561874
1614,1.831118611,11.48671167,9.228029156
1615,1.831367778,11.48820667,10.67993002
1616,1.831705,11.49023,13.50239646
1617,1.832036667,11.49222,15.93882497
1618,1.832286111,11.49371667,13.08347752
1619,1.832534444,11.49520667,8.987320303
1620,1.832780278,11.49668167,6.693423312
1621,1.833030833,11.498185,4.393632144
1622,1.833368333,11.50021,0.424943179
1623,1.833700833,11.502205,0.270541886
1624,1.833952222,11.50371333,-1.052992644
1625,1.834202222,11.50521333,-3.227819301
1626,1.834451667,11.50671,-0.34825848
1627,1.834699167,11.508195,2.482591778
1628,1.835035,11.51021,0.61303805
1629,1.835368333,11.51221,1.933188459
1630,1.835620278,11.51372167,0.837674639
1631,1.835871111,11.51522667,-0.177306573
1632,1.83612,11.51672,-2.756209591
1633,1.836367778,11.51820667,-5.199341648
1634,1.836702222,11.52021333,-2.320594976
1635,1.837032222,11.52219333,-4.400580224
1636,1.837278611,11.52367167,-4.251015494
1637,1.837525,11.52515,-2.859922056
1638,1.837771667,11.52663,-3.871979888
1639,1.838021944,11.52813167,-4.962035186
1640,1.838355278,11.53013167,-2.933311539
1641,1.838683333,11.5321,-2.837893982
1642,1.838936389,11.53361833,0.074518714
1643,1.839187778,11.53512667,0.62177303
1644,1.839438056,11.53662833,0.358834796
1645,1.839684722,11.53810833,0.39287649
1646,1.840021111,11.54012667,3.783131239
1647,1.840352778,11.54211667,6.29530235
1648,1.840599444,11.54359667,6.094198447
1649,1.840849167,11.545095,11.63644309
1650,1.841099167,11.546595,12.31603131
1651,1.841349722,11.54809833,12.73423323
1652,1.841687778,11.55012667,16.48315504
1653,1.842017778,11.55210667,15.50577839
1654,1.842263611,11.55358167,13.64508783
1655,1.842511111,11.55506667,13.73960127
1656,1.842761111,11.55656667,14.54890017
1657,1.843011944,11.55807167,15.26850912
1658,1.843348611,11.56009167,13.68334993
1659,1.843679722,11.56207833,12.77897711
1660,1.843926389,11.56355833,14.64704725
1661,1.844175833,11.565055,14.05957663
1662,1.844424444,11.56654667,13.28750166
1663,1.844677222,11.56806333,12.52270707
1664,1.845011667,11.57007,13.20825717
1665,1.845338056,11.57202833,13.5278002
1666,1.845586389,11.57351833,14.29466953
1667,1.845833056,11.57499833,19.28299995
1668,1.846080833,11.576485,17.74011428
1669,1.846326111,11.57795667,16.09532665
1670,1.846661389,11.57996833,17.97711168
1671,1.846990278,11.58194167,18.32948989
1672,1.847238056,11.58342833,17.59177915
1673,1.847484444,11.58490667,21.0198223
1674,1.847732222,11.58639333,22.10304053
1675,1.847980556,11.58788333,23.26278562
1676,1.848315,11.58989,23.45182998
1677,1.8486425,11.591855,30.07543606
1678,1.848890833,11.593345,31.42287153
1679,1.849137222,11.59482333,29.84964064
1680,1.849384167,11.596305,28.55789368
1681,1.849636667,11.59782,27.54314607
1682,1.849983333,11.5999,24.24654805
1683,1.85032,11.60192,20.90705594
1684,1.850569167,11.603415,19.55033566
1685,1.850816944,11.60490167,17.77421973
1686,1.851068333,11.60641,16.94567619
1687,1.851322222,11.60793333,16.03811376
1688,1.851659444,11.60995667,15.6361585
1689,1.851992778,11.61195667,14.06576976
1690,1.852238889,11.61343333,16.80596236
1691,1.852488333,11.61493,20.05114026
1692,1.852734167,11.616405,19.64556005
1693,1.852983611,11.61790167,19.09171669
1694,1.853318611,11.61991167,18.38116776
1695,1.853651389,11.62190833,17.52113657
1696,1.853901111,11.62340667,18.49993179
1697,1.854154167,11.624925,19.56621298
1698,1.854405,11.62643,18.07534765
1699,1.854654722,11.62792833,16.39101292
1700,1.854993611,11.62996167,15.06552538
1701,1.855326389,11.63195833,13.92130034
1702,1.855577222,11.63346333,8.305737401
1703,1.855825278,11.63495167,7.57050349
1704,1.856073611,11.63644167,5.982125567
1705,1.856326111,11.63795667,4.718829072
1706,1.856662222,11.63997333,4.156251384
1707,1.856988333,11.64193,1.581406843
1708,1.857236111,11.64341667,-1.349426576
1709,1.857483889,11.64490333,-2.244252196
1710,1.857734722,11.64640833,-0.64955837
1711,1.857985833,11.647915,0.848208443
1712,1.858326944,11.64996167,3.55420858
1713,1.858655,11.65193,2.702180206
1714,1.858901111,11.65340667,2.631646675
1715,1.859152222,11.65491333,-1.401978089
1716,1.859402222,11.65641333,1.555967848
1717,1.859651944,11.65791167,4.749557496
1718,1.859996389,11.65997833,6.001329968
1719,1.860328333,11.66197,6.41846268
1720,1.860574722,11.66344833,6.310525294
1721,1.860823333,11.66494,7.125314204
1722,1.861071944,11.66643167,7.153722064
1723,1.861319722,11.66791833,6.793478175
1724,1.861664167,11.669985,9.637995325
1725,1.862000833,11.672005,10.70467405
1726,1.862247222,11.67348333,11.33617654
1727,1.8625,11.675,14.56202984
1728,1.862746944,11.67648167,14.27519188
1729,1.862998056,11.67798833,14.18774456
1730,1.863329722,11.67997833,16.89553857
1731,1.8636525,11.681915,18.8991607
1732,1.863899167,11.683395,21.05325798
1733,1.864149167,11.684895,23.40669296
1734,1.864397778,11.68638667,22.1973672
1735,1.864647222,11.68788333,21.00944308
1736,1.864987222,11.68992333,24.50011441
1737,1.865315278,11.69189167,28.11192769
1738,1.865561944,11.69337167,30.2361578
1739,1.865809444,11.69485667,30.61011957
1740,1.866058333,11.69635,29.10192368
1741,1.866308611,11.69785167,27.50417527
1742,1.866639167,11.699835,24.78470037
1743,1.866968056,11.70180833,24.39574749
1744,1.867215556,11.70329333,21.65510144
1745,1.867466111,11.70479667,20.04908459
1746,1.867713056,11.70627833,21.83836852
1747,1.867960556,11.70776333,23.35626059
1748,1.868300278,11.70980167,22.79354127
1749,1.868632222,11.71179333,19.40082186
1750,1.868884167,11.713305,16.2152166
1751,1.869135,11.71481,13.14692178
1752,1.869383889,11.71630333,10.99043593
1753,1.869631667,11.71779,9.051623171
1754,1.869964167,11.719785,10.06600663
1755,1.870298056,11.72178833,7.13736292
1756,1.870546389,11.72327833,6.925510183
1757,1.870795278,11.72477167,5.6356005
1758,1.871044167,11.726265,1.305280998
1759,1.871291111,11.72774667,-3.091411901
1760,1.871622222,11.72973333,-6.632933796
1761,1.871952778,11.73171667,-6.472876037
1762,1.872203056,11.73321833,-10.57409862
1763,1.8724525,11.734715,-12.09924192
1764,1.872705,11.73623,-16.89373337
1765,1.872957778,11.73774667,-19.47151474
1766,1.873290556,11.73974333,-15.91130757
1767,1.873619167,11.741715,-14.97837484
1768,1.873867222,11.74320333,-14.14157073
1769,1.874119444,11.74471667,-12.19426343
1770,1.874366111,11.74619667,-13.20033505
1771,1.874613333,11.74768,-17.45017241
1772,1.8749425,11.749655,-16.08765359
1773,1.875266944,11.75160167,-15.56730836
1774,1.875517222,11.75310333,-15.02277471
1775,1.8757675,11.754605,-14.33238497
1776,1.876017222,11.75610333,-16.7789631
1777,1.876265833,11.757595,-14.78423725
1778,1.876604444,11.75962667,-14.67027189
1779,1.876935278,11.76161167,-16.57696443
1780,1.877185,11.76311,-18.39960743
1781,1.877435,11.76461,-19.52697143
1782,1.8776825,11.766095,-15.90676293
1783,1.877933056,11.76759833,-13.7229866
1784,1.878273056,11.76963833,-11.59937204
1785,1.878601944,11.77161167,-6.104277829
1786,1.878849722,11.77309833,-3.832575401
1787,1.8790975,11.774585,-3.411973554
1788,1.879348333,11.77609,-3.499202717
1789,1.879598056,11.77758833,-2.86184408
1790,1.879938889,11.77963333,-2.174885248
1791,1.880271389,11.78162833,1.09800287
1792,1.880522778,11.78313667,1.981491398
1793,1.880771389,11.78462833,2.974189325
1794,1.881018056,11.78610833,3.939898847
1795,1.881266389,11.78759833,6.01303669
1796,1.881604722,11.78962833,8.075956303
1797,1.881935278,11.79161167,5.804080217
1798,1.882181389,11.79308833,4.275017176
1799,1.882427222,11.79456333,3.842415892
1800,1.882678333,11.79607,4.19854673
1801,1.882929444,11.79757667,7.865329219
1802,1.883273056,11.79963833,11.28985124
1803,1.883606667,11.8,11.88266998
1804,1.883855,11.8,10.70737411
1805,1.8841025,11.8,11.10144503
1806,1.884352222,11.8,13.67043341
1807,1.8846,11.8,14.3756266
1808,1.884936389,11.8,15.31031205
1809,1.885267778,11.8,15.84736587
1810,1.885514722,11.8,19.40648838
1811,1.885761111,11.8,18.06247578
1812,1.886012222,11.8,20.22843419
1813,1.886261667,11.8,22.86923609
1814,1.886595556,11.8,25.26866903
1815,1.886924444,11.8,25.79081358
1816,1.887173889,11.8,25.81853218
1817,1.887424444,11.8,24.29668311
1818,1.887675278,11.8,25.8450247
1819,1.887922222,11.8,24.59871598
1820,1.888252778,11.8,23.53310051
1821,1.888579444,11.8,25.04895965
1822,1.888830556,11.8,28.06042127
1823,1.889078056,11.8,28.97686708
1824,1.889328333,11.8,28.03079777
1825,1.889578889,11.8,28.28201229
1826,1.889915833,11.8,28.61234554
1827,1.890244722,11.8,29.50700378
1828,1.890491944,11.8,23.67681321
1829,1.890739444,11.8,24.03005301
1830,1.890990278,11.8,21.56984722
1831,1.891238056,11.8,24.42725551
1832,1.891574722,11.8,27.22049707
1833,1.891903611,11.8,25.74526536
1834,1.892153056,11.8,27.05711318
1835,1.892399444,11.8,25.82865818
1836,1.892644444,11.8,22.42572516
1837,1.892893889,11.8,19.31921736
1838,1.893223889,11.8,16.11642811
1839,1.8935475,11.8,18.48559355
1840,1.893794167,11.8,19.719802
1841,1.894046944,11.8,22.95489281
1842,1.894295556,11.8,25.73970765
1843,1.8945425,11.8,28.6823837
1844,1.894883333,11.8,31.42131981
1845,1.895217222,11.8,35.66543276
1846,1.895467222,11.8,32.79290798
1847,1.895715556,11.8,31.49030616
1848,1.895966667,11.8,31.3500589
1849,1.896218889,11.8,30.47939957
1850,1.8965525,11.8,29.98584267
1851,1.896878889,11.8,31.53834801
1852,1.897125556,11.8,34.04196028
1853,1.897375833,11.8,39.578826
1854,1.897621667,11.8,39.68878008
1855,1.89787,11.8,39.32972631
1856,1.898207222,11.8,38.72245102
1857,1.898538056,11.8,38.97407548
1858,1.898785,11.8,37.81166758
1859,1.899035278,11.8,39.96909506
1860,1.899283889,11.8,41.07971047
1861,1.899530278,11.8,41.16345043
1862,1.899866667,11.8,41.12855268
1863,1.900196667,11.80118,40.54482626
1864,1.900445833,11.802675,37.85542858
1865,1.900695278,11.80417167,35.85325027
1866,1.900946667,11.80568,38.24477482
1867,1.901196944,11.80718167,39.17271612
1868,1.901533056,11.80919833,40.08813476
1869,1.901865,11.81119,37.10667017
1870,1.9021125,11.812675,34.91062566
1871,1.902361944,11.81417167,34.17054195
1872,1.902611667,11.81567,35.56378775
1873,1.902865556,11.81719333,31.69787443
1874,1.903204722,11.81922833,27.83837323
1875,1.903534444,11.82120667,27.243015
1876,1.903780833,11.822685,26.9313008
1877,1.904028611,11.82417167,23.44304801
1878,1.904274444,11.82564667,19.91598188
1879,1.904524167,11.827145,18.11660205
1880,1.90486,11.82916,16.17125007
1881,1.905186667,11.83112,14.38216547
1882,1.905435833,11.832615,13.82861633
1883,1.9056825,11.834095,13.08006061
1884,1.905931944,11.83559167,13.87445267
1885,1.906178889,11.83707333,13.35941558
1886,1.906508611,11.83905167,12.96856591
1887,1.906835,11.84101,12.35533246
1888,1.907081667,11.84249,11.2005683
1889,1.9073275,11.843965,9.870152589
1890,1.907576667,11.84546,10.48640767
1891,1.907826111,11.84695667,12.16738284
1892,1.908168056,11.84900833,13.86728797
1893,1.908498611,11.85099167,15.90203275
1894,1.90875,11.8525,10.61571444
1895,1.908999722,11.85399833,9.891566561
1896,1.909253611,11.85552167,8.222964111
1897,1.909508333,11.85705,3.51059529
1898,1.909843056,11.85905833,-1.239105396
1899,1.91017,11.86102,-7.442707451
1900,1.910416667,11.8625,-9.918779407
1901,1.910665278,11.86399167,-6.505021512
1902,1.910916667,11.8655,-7.669159311
1903,1.911164167,11.866985,-8.554601163
1904,1.911495833,11.868975,-9.495558316
1905,1.911821111,11.87092667,-8.582100981
1906,1.912066944,11.87240167,-5.526606554
1907,1.912312778,11.87387667,-6.301292633
1908,1.912561111,11.87536667,-10.09103171
1909,1.912811667,11.87687,-14.42371349
1910,1.913144167,11.878865,-18.81921823
1911,1.913471389,11.88082833,-18.90187755
1912,1.913718056,11.88230833,-15.53620962
1913,1.913965833,11.883795,-14.29062919
1914,1.914214167,11.885285,-13.82545655
1915,1.914461667,11.88677,-15.75180758
1916,1.914795556,11.88877333,-13.95159978
1917,1.915128889,11.89077333,-13.99798164
1918,1.915376389,11.89225833,-14.1842146
1919,1.915627778,11.89376667,-16.13884
1920,1.915878333,11.89527,-17.13599053
1921,1.916131389,11.89678833,-18.45740843
1922,1.916474722,11.89884833,-19.13383753
1923,1.91681,11.90172,-19.50007004
1924,1.917058611,11.90470333,-19.7934074
1925,1.9173075,11.90769,-18.34413605
1926,1.917557778,11.91069333,-19.71121732
1927,1.917807778,11.91369333,-17.37063575
1928,1.918145278,11.91774333,-17.04355703
1929,1.918478889,11.92174667,-19.13425514
1930,1.918733889,11.92480667,-16.05662158
1931,1.918985833,11.92783,-16.44402745
1932,1.919236111,11.93083333,-15.87091806
1933,1.919481944,11.93378333,-15.34948212
1934,1.919821111,11.93785333,-16.83030897
1935,1.920155278,11.94186333,-13.37478358
1936,1.920404722,11.94485667,-13.38199463
1937,1.920653333,11.94784,-18.59921408
1938,1.920900833,11.95081,-18.59462177
1939,1.921149444,11.95379333,-16.00111441
1940,1.921489722,11.95787667,-10.91185568
1941,1.921823056,11.96187667,-5.988502457
1942,1.922069444,11.96483333,-2.808937126
1943,1.922316667,11.9678,-3.707735524
1944,1.922565,11.97078,-3.514003965
1945,1.922814167,11.97377,-2.62315578
1946,1.923151667,11.97782,-3.382939993
1947,1.923482222,11.98178667,-3.675989386
1948,1.923737222,11.98484667,-2.88045842
1949,1.923988611,11.98786333,-0.908504242
1950,1.924238889,11.99086667,1.816419877
1951,1.9244875,11.99385,2.140724757
1952,1.924828333,11.99794,3.189752987
1953,1.925161667,12.00194,4.12119383
1954,1.925408611,12.00490333,3.467262006
1955,1.925657222,12.00788667,6.944118514
1956,1.9259075,12.01089,10.74307888
1957,1.926158611,12.01390333,14.5179715
1958,1.926498611,12.01798333,13.54404807
1959,1.926831389,12.02197667,12.54228559
1960,1.927080556,12.02496667,13.87213763
1961,1.927326667,12.02792,15.38294728
1962,1.927576667,12.03092,14.42472721
1963,1.927824444,12.03389333,19.83162149
1964,1.928165556,12.03798667,22.22079879
1965,1.928496111,12.04195333,24.66982566
1966,1.928743611,12.04492333,26.01396897
1967,1.928993056,12.04791667,27.35825493
1968,1.9292425,12.05091,29.5762029
1969,1.929492778,12.05391333,34.54661032
1970,1.929829167,12.05795,36.18847527
1971,1.930156389,12.06187667,37.78057646
1972,1.930403889,12.06484667,41.05046655
1973,1.930649722,12.06779667,41.11827879
1974,1.930898889,12.07078667,44.9101896
1975,1.931150278,12.07380333,42.67595664
1976,1.931493056,12.07791667,43.22311234
1977,1.931825833,12.08191,43.72532333
1978,1.932076111,12.08491333,43.14284602
1979,1.932323611,12.08788333,43.23315481
1980,1.932574167,12.09089,42.66875602
1981,1.932823611,12.09388333,46.19518249
1982,1.933163333,12.09796,47.89102533
1983,1.933493333,12.10192,49.49804445
1984,1.933740833,12.10489,50.31498106
1985,1.933988611,12.10786333,50.60042487
1986,1.934242778,12.11091333,53.75641369
1987,1.934491389,12.11389667,53.54050337
1988,1.934829444,12.11795333,54.22078329
1989,1.935160833,12.12193,55.0900766
1990,1.935408333,12.1249,59.33566075
1991,1.935656111,12.12787333,59.18575612
1992,1.935909444,12.13091333,56.53098057
1993,1.936161111,12.13393333,54.75421223
1994,1.936496667,12.13796,53.00323394
1995,1.936828333,12.14194,51.09640954
1996,1.937078889,12.14494667,51.07996451
1997,1.937326111,12.14791333,49.39992704
1998,1.937573056,12.15087667,52.36280149
1999,1.9378225,12.15387,53.43239775
2000,1.938160833,12.15793,49.52584259
2001,1.938494444,12.16193333,45.60051495
2002,1.938740833,12.16489,43.87130878
2003,1.9389875,12.16785,44.61634625
2004,1.939232222,12.17078667,43.85161179
2005,1.939479444,12.17375333,40.92447412
2006,1.939816667,12.1778,35.46156931
2007,1.940145556,12.18174667,29.80117824
2008,1.940393056,12.18471667,25.47793997
2009,1.9406425,12.18771,27.62325003
2010,1.940891944,12.19070333,25.16194796
2011,1.941138611,12.19366333,22.17127668
2012,1.941471944,12.19766333,23.90683242
2013,1.941799167,12.20159,26.03551483
2014,1.942046944,12.20456333,26.70956474
2015,1.942298889,12.20758667,28.91736431
2016,1.942551389,12.21061667,31.49171533
2017,1.942799722,12.21359667,37.10171819
2018,1.943135833,12.21763,38.82974429
2019,1.943475,12.2217,40.23731146
2020,1.94373,12.22476,40.74241592
2021,1.943983056,12.22779667,42.67709333
2022,1.944236944,12.23084333,42.93527882
2023,1.944483889,12.23380667,41.34078215
2024,1.944821944,12.23786333,39.61836309
2025,1.945154167,12.24185,37.81078387
2026,1.945400556,12.24480667,33.77545165
2027,1.945645278,12.24774333,32.81272621
2028,1.945890278,12.25068333,31.40640206
2029,1.946140278,12.25368333,29.36157234
2030,1.946473056,12.25767667,30.70523888
2031,1.946801111,12.26161333,31.93319917
2032,1.947050556,12.26460667,28.45805429
2033,1.947301111,12.26761333,23.7583552
2034,1.947550278,12.27060333,19.81195357
2035,1.947800556,12.27360667,19.34075404
2036,1.948143333,12.27772,14.4742307
2037,1.948473889,12.28168667,9.756798479
2038,1.9487225,12.28467,9.303931217
2039,1.948974722,12.28769667,5.011808497
2040,1.949224167,12.29069,2.687990861
2041,1.949473889,12.29368667,3.959490339
2042,1.949807222,12.29768667,5.311039391
2043,1.950130556,12.29921667,6.513876389
2044,1.950381667,12.29771,4.867058997
2045,1.950631667,12.29621,4.615516469
2046,1.950880278,12.29471833,4.878781686
2047,1.951133889,12.29319667,5.175575323
2048,1.951471944,12.29116833,6.967166839
2049,1.951800278,12.28919833,8.85251916
2050,1.9520475,12.287715,6.622778772
2051,1.9522975,12.286215,7.452260684
2052,1.952547778,12.28471333,6.917750206
2053,1.952797778,12.28321333,4.487541641
2054,1.953134167,12.281195,4.111319836
2055,1.953461111,12.27923333,3.504637127
2056,1.953706111,12.27776333,2.275155609
2057,1.953952778,12.27628333,0.13372731
2058,1.954201389,12.27479167,-1.105821666
2059,1.9544525,12.273285,-2.29468042
2060,1.954784444,12.27129333,-3.476312784
2061,1.95511,12.26934,-4.58939019
2062,1.955355556,12.26786667,-5.690140174
2063,1.955604167,12.266375,-5.141897127
2064,1.955851667,12.26489,-5.093411366
2065,1.956100278,12.26339833,-5.545866734
2066,1.956437222,12.26137667,-7.461451218
2067,1.956769167,12.259385,-9.435459444
2068,1.957016944,12.25789833,-11.17549835
2069,1.9572625,12.256425,-11.88475344
2070,1.957514722,12.25491167,-11.57219422
2071,1.957766667,12.2534,-8.941784042
2072,1.958102222,12.25138667,-9.373643548
2073,1.958431389,12.24941167,-9.485874626
2074,1.958676667,12.24794,-11.76607918
2075,1.958925278,12.24644833,-9.944308966
2076,1.959176111,12.24494333,-9.700300549
2077,1.959427222,12.24343667,-7.253174008
2078,1.959767222,12.24139667,-11.48750002
2079,1.960096111,12.23942333,-15.87955115
2080,1.960344444,12.23793333,-15.47927141
2081,1.960595,12.23643,-16.75945612
2082,1.960849722,12.23490167,-18.03676487
2083,1.961101389,12.23339167,-18.41132331
2084,1.96144,12.23136,-18.3488997
2085,1.961771111,12.22937333,-14.64311264
2086,1.962019722,12.22788167,-11.72461196
2087,1.962269167,12.226385,-10.44395821
2088,1.962519167,12.224885,-8.596390758
2089,1.962766944,12.22339833,-7.070780872
2090,1.963104167,12.221375,-6.011509508
2091,1.963436667,12.21938,-4.247021774
2092,1.963685278,12.21788833,-2.732653895
2093,1.963934722,12.21639167,1.050232117
2094,1.964187778,12.21487333,-0.617140638
2095,1.964436389,12.21338167,-4.953384007
2096,1.964775278,12.21134833,-9.272409026
2097,1.965105,12.20937,-8.899776169
2098,1.965349167,12.207905,-7.519315046
2099,1.965598333,12.20641,-5.817473392
2100,1.965845,12.20493,-2.406302995
2101,1.96609,12.20346,-2.320676091
2102,1.966423333,12.20146,-2.507503314
2103,1.966750556,12.2,0.597387513
2104,1.966998611,12.2,5.217766139
2105,1.967247222,12.2,5.484086295
2106,1.967496111,12.2,5.735887146
2107,1.967745,12.2,3.202666802
2108,1.968079444,12.2,0.943844913
2109,1.968408333,12.2,1.641036644
2110,1.968657778,12.2,4.075333566
2111,1.968908333,12.2,1.241079482
2112,1.969159444,12.2,0.789419123
2113,1.969411667,12.2,1.18882849
2114,1.969745833,12.2,1.664805707
2115,1.970073889,12.2,4.511125583
2116,1.970320556,12.2,4.39324158
2117,1.970570278,12.2,6.576936521
2118,1.970817778,12.2,10.91185628
2119,1.971067222,12.2,8.69276846
2120,1.971398889,12.2,6.458090696
2121,1.971724167,12.2,8.021755346
2122,1.971970278,12.2,7.373493632
2123,1.972214167,12.2,5.285877065
2124,1.972461944,12.2,6.814377989
2125,1.972709167,12.2,6.474071792
2126,1.973052778,12.2,6.057011437
2127,1.973388333,12.2,5.637198901
2128,1.973633889,12.2,7.199215614
2129,1.973883333,12.2,8.705291823
2130,1.974131944,12.2,3.953130781
2131,1.974380556,12.2,1.72454709
2132,1.974718333,12.2,-0.303237432
2133,1.975050278,12.2,-0.722105827
2134,1.975298056,12.2,0.143609426
2135,1.975543889,12.2,1.926968789
2136,1.975793056,12.2,6.854060622
2137,1.976043611,12.2,12.39728239
2138,1.976384444,12.2,17.67611272
2139,1.976716111,12.2,23.14325042
2140,1.976964444,12.2,25.4329639
2141,1.977215,12.2,25.0973761
2142,1.977465556,12.2,25.89583215
2143,1.977712222,12.2,27.3613369
2144,1.978049167,12.2,29.0874741
2145,1.978379167,12.2,27.00907632
2146,1.978626389,12.2,26.03572407
2147,1.978875,12.2,27.48947964
2148,1.979124444,12.2,26.63265036
2149,1.979374167,12.2,32.46105055
2150,1.979712222,12.2,38.15477978
2151,1.980043889,12.2,40.51081875
2152,1.980291389,12.2,41.65174317
2153,1.980539444,12.2,43.34041534
2154,1.980793056,12.2,40.14548379
2155,1.981041944,12.2,40.85600983
2156,1.981385,12.2,41.69976973
2157,1.981719722,12.2,41.43558414
2158,1.981963056,12.2,41.2302716
2159,1.982211944,12.2,37.14036981
2160,1.982465,12.2,37.65340284
2161,1.982713056,12.2,36.79792893
2162,1.983050278,12.2,35.78751159
2163,1.983382778,12.20059333,35.26276079
2164,1.983631389,12.20357667,36.86803134
2165,1.983877222,12.20652667,39.70902803
2166,1.984124444,12.20949333,43.39408406
2167,1.984371389,12.21245667,47.44938259
2168,1.984706667,12.21648,51.62060368
2169,1.985035,12.22042,51.13894439
2170,1.9852825,12.22339,51.21243646
2171,1.985528056,12.22633667,51.25009049
2172,1.985777778,12.22933333,52.75541257
2173,1.986026111,12.23231333,54.19339301
2174,1.986360833,12.23633,55.40391676
2175,1.986693056,12.24031667,55.46530224
2176,1.986938889,12.24326667,53.26579262
2177,1.987187778,12.24625333,50.64136119
2178,1.987438611,12.24926333,48.99050059
2179,1.987686389,12.25223667,50.28876479
2180,1.988018056,12.25621667,51.89771296
2181,1.988343333,12.26012,53.8078279
2182,1.98859,12.26308,56.10206587
2183,1.988837778,12.26605333,59.55464146
2184,1.989087222,12.26904667,61.65507884
2185,1.989336667,12.27204,61.46027301
2186,1.989665556,12.27598667,61.08650239
2187,1.989994444,12.27993333,62.86914413
2188,1.990242778,12.28291333,65.49336086
2189,1.990491944,12.28590333,62.35081768
2190,1.990740278,12.28888333,63.87312957
2191,1.990988889,12.29186667,61.90169466
2192,1.991327778,12.29593333,60.07619466
2193,1.991662222,12.29994667,57.51248734
2194,1.991909444,12.30291333,55.50300091
2195,1.992155833,12.30587,55.85133814
2196,1.992405833,12.30887,57.34468201
2197,1.992656111,12.31187333,57.27656247
2198,1.992994444,12.31593333,56.95618848
2199,1.993326944,12.31992333,58.33139469
2200,1.993573056,12.32287667,56.98904334
2201,1.993821944,12.32586333,56.72066997
2202,1.994070556,12.32884667,57.42981422
2203,1.994318333,12.33182,57.83849676
2204,1.994659167,12.33591,58.6929685
2205,1.994993333,12.33992,57.1751464
2206,1.995242222,12.34290667,58.0741771
2207,1.995488056,12.34585667,53.48410485
2208,1.995735556,12.34882667,51.31449812
2209,1.995984167,12.35181,51.10524389
2210,1.9963225,12.35587,50.53498224
2211,1.996654722,12.35985667,52.25571489
2212,1.996903056,12.36283667,53.53794443
2213,1.997155278,12.36586333,57.09139544
2214,1.997403889,12.36884667,55.37564814
2215,1.997653611,12.37184333,53.1818289
2216,1.997994167,12.37593,50.90130012
2217,1.998325,12.3799,52.22181404
2218,1.99857,12.38284,55.06269811
2219,1.998817778,12.38581333,54.8324173
2220,1.999068889,12.38882667,55.21449942
2221,1.999319167,12.39183,51.59336242
2222,1.999655278,12.39586333,47.96656092
2223,1.9999875,12.39985,49.89057118
2224,2.000236944,12.40568667,51.65278717
2225,2.000485,12.41164,49.52434585
2226,2.000735556,12.41765333,51.14482959
2227,2.000985833,12.42366,48.60269467
2228,2.001325833,12.43182,46.42004327
2229,2.001658333,12.4398,48.08035429
2230,2.001909722,12.44583333,47.82680257
2231,2.0021575,12.45178,47.51673998
2232,2.002406944,12.45776667,45.97515848
2233,2.002656389,12.46375333,46.76404382
2234,2.003004444,12.47210667,47.66967692
2235,2.003340556,12.48017333,52.25168581
2236,2.003590833,12.48618,53.19099035
2237,2.003838056,12.49211333,55.00431991
2238,2.004086389,12.49807333,55.82568647
2239,2.004332778,12.50398667,53.56146009
2240,2.004663611,12.51192667,51.21421267
2241,2.00499,12.51976,55.78733223
2242,2.005239167,12.52574,55.1934442
2243,2.005485,12.53164,52.42134931
2244,2.005733889,12.53761333,52.1516241
2245,2.005984444,12.54362667,51.40455961
2246,2.006325833,12.55182,50.76634636
2247,2.0066575,12.55978,48.73420631
2248,2.006905,12.56572,47.44367269
2249,2.007155556,12.57173333,52.88548479
2250,2.007404722,12.57771333,51.82570686
2251,2.007654167,12.5837,50.36803213
2252,2.007995278,12.59188667,48.61550795
2253,2.008328889,12.59989333,49.78714866
2254,2.008574722,12.60579333,51.46535339
2255,2.008822222,12.61173333,46.55379306
2256,2.009069722,12.61767333,45.25838347
2257,2.009316389,12.62359333,45.2394824
2258,2.009653889,12.63169333,45.2146345
2259,2.009988056,12.63971333,49.43391119
2260,2.010236944,12.64568667,50.10495931
2261,2.010489167,12.65174,48.00819531
2262,2.010736389,12.65767333,52.93762086
2263,2.010983056,12.66359333,55.86082441
2264,2.011320556,12.67169333,59.06478445
2265,2.011654722,12.67971333,59.30782559
2266,2.0119025,12.68566,58.20437091
2267,2.012150833,12.69162,60.3493706
2268,2.012399722,12.69759333,57.38885123
2269,2.01265,12.7036,57.28403476
2270,2.012984167,12.71162,56.90342326
2271,2.013309722,12.71943333,60.06846568
2272,2.013555278,12.72532667,61.67910855
2273,2.013803056,12.73127333,63.01612089
2274,2.0140525,12.73726,61.33723811
2275,2.014305556,12.74333333,59.89365736
2276,2.014640833,12.75138,58.82999928
2277,2.0149725,12.75934,57.92795198
2278,2.015219167,12.76526,58.38046838
2279,2.015466944,12.77120667,57.30564603
2280,2.015718056,12.77723333,54.42992254
2281,2.015968889,12.78325333,50.16790373
2282,2.016304722,12.79131333,45.99049022
2283,2.016635556,12.79925333,45.47953375
2284,2.016883056,12.796105,48.18727967
2285,2.017130278,12.791655,50.22412171
2286,2.017376944,12.787215,50.81652255
2287,2.017626389,12.782725,49.50736056
2288,2.017968056,12.776575,48.03250078
2289,2.018297778,12.77064,48.28363362
2290,2.018548056,12.766135,43.55899608
2291,2.018797778,12.76164,41.22871188
2292,2.019046944,12.757155,43.65784624
2293,2.019294722,12.752695,41.50238292
2294,2.019631944,12.746625,39.27033753
2295,2.0199625,12.740675,38.41018303
2296,2.020212778,12.73617,32.76905673
2297,2.020461389,12.731695,28.15258443
2298,2.020711944,12.727185,25.1625353
2299,2.020961389,12.722695,25.80293832
2300,2.021294722,12.716695,26.84422705
2301,2.021623889,12.71077,27.32041484
2302,2.021874167,12.706265,26.03223319
2303,2.022121667,12.70181,25.70896472
2304,2.022372222,12.6973,23.77518106
2305,2.022622778,12.69279,20.0159448
2306,2.022956667,12.68678,16.31714056
2307,2.023287778,12.68082,21.34472824
2308,2.023536111,12.67635,24.87471542
2309,2.023784722,12.671875,20.32769114
2310,2.024038611,12.667305,15.36919667
2311,2.0242875,12.662825,13.97980576
2312,2.024623889,12.65677,12.52315592
2313,2.024954167,12.650825,14.4550728
2314,2.025204722,12.646315,14.50166489
2315,2.025452222,12.64186,17.64808831
2316,2.025699167,12.637415,16.34122755
2317,2.0259475,12.632945,16.86531646
2318,2.02628,12.62696,17.28178082
2319,2.026602778,12.62115,19.41224704
2320,2.026849167,12.616715,19.22624287
2321,2.027096111,12.61227,19.43911686
2322,2.027345556,12.60778,17.53178439
2323,2.027595,12.60329,14.97602636
2324,2.027937778,12.59712,12.98912891
2325,2.028266389,12.591205,9.040963269
2326,2.028511667,12.58679,7.425139817
2327,2.028761944,12.582285,5.376287125
2328,2.029011111,12.5778,2.092713753
2329,2.029256389,12.573385,1.111907248
2330,2.0295925,12.567335,-0.071588691
2331,2.029920556,12.56143,-1.004649822
2332,2.030166389,12.557005,-0.195293812
2333,2.030419444,12.55245,-1.197401689
2334,2.030669167,12.547955,-6.873424963
2335,2.030918333,12.54347,-5.774755552
2336,2.031253611,12.537435,-4.593673556
2337,2.031583333,12.5315,-0.596783068
2338,2.031829444,12.52707,-2.040440958
2339,2.032076111,12.52263,-5.237065793
2340,2.032321944,12.518205,-5.434560099
2341,2.032569444,12.51375,-11.29636564
2342,2.032903889,12.50773,-16.98577168
2343,2.033232778,12.50181,-19.79558852
2344,2.033483333,12.5054,-17.57983478
2345,2.033731111,12.51432,-14.61836777
2346,2.033978611,12.52323,-17.38219336
2347,2.0342325,12.53237,-17.864754
2348,2.034569722,12.54451,-17.85435625
2349,2.0348975,12.55631,-15.37554471
2350,2.035147222,12.5653,-9.586496024
2351,2.0353975,12.57431,-5.495720889
2352,2.035644444,12.5832,-12.00344783
2353,2.035893611,12.59217,-13.77230307
2354,2.036225278,12.60411,-15.59657963
2355,2.036554444,12.61596,-11.66310301
2356,2.036801667,12.62486,-9.315153307
2357,2.037052222,12.63388,-7.312374739
2358,2.037301667,12.64286,-6.212006582
2359,2.037550278,12.65181,-3.927523085
2360,2.037886389,12.66391,-1.441574781
2361,2.038215556,12.67576,-3.319942149
2362,2.038462222,12.68464,-5.761643242
2363,2.038712778,12.69366,-1.586389838
2364,2.038962222,12.70264,0.015110347
2365,2.039210278,12.71157,-1.381401837
2366,2.039550278,12.72381,-2.465525077
2367,2.039881389,12.73573,2.456440108
2368,2.040128611,12.74463,5.302228831
2369,2.040376389,12.75355,5.230208243
2370,2.040626667,12.76256,7.530353844
2371,2.040875278,12.77151,8.025849296
2372,2.041216389,12.78379,8.41246386
2373,2.041551667,12.79586,7.596011072
2374,2.041801111,12.80484,7.260164709
2375,2.0420525,12.81389,6.394567378
2376,2.042301944,12.82287,6.107536931
2377,2.042551111,12.83184,5.002693225
2378,2.0428875,12.84395,3.665746967
2379,2.043216389,12.85579,4.56576658
2380,2.043463889,12.8647,2.777034013
2381,2.043711389,12.87361,-1.931007798
2382,2.043958056,12.88249,-1.338444683
2383,2.044208611,12.89151,-0.694091949
2384,2.044546944,12.90369,0.293389846
2385,2.044878611,12.91563,1.316002318
2386,2.045125278,12.92451,1.071620365
2387,2.045373889,12.93346,-0.330663439
2388,2.045620278,12.94233,-7.417548411
2389,2.045866389,12.95119,-7.167230077
2390,2.046200556,12.96322,-7.186979324
2391,2.046528611,12.97503,-3.195203177
2392,2.0467775,12.98399,2.469986398
2393,2.047030556,12.9931,2.985816578
2394,2.047280833,13.00211,5.317782903
2395,2.047529444,13.01106,10.11383658
2396,2.047868333,13.02326,15.19622258
2397,2.0481975,13.03511,19.42580126
2398,2.048445,13.04402,23.13175185
2399,2.048695,13.05302,29.53684422
2400,2.048945833,13.06205,30.95362449
2401,2.049196944,13.07109,32.33079729
2402,2.0495325,13.08317,33.55064905
2403,2.049861389,13.09501,32.42681774
2404,2.05011,13.09802,35.87681424
2405,2.050359167,13.093535,36.96241971
2406,2.050608333,13.08905,36.27078373
2407,2.050855278,13.084605,31.48678194
2408,2.051191667,13.07855,26.82151953
2409,2.051522222,13.0726,27.14022636
2410,2.051770833,13.068125,25.42582846
2411,2.052019444,13.06365,27.24566105
2412,2.052265278,13.059225,26.15617931
2413,2.052514722,13.054735,25.59720923
2414,2.052851667,13.04867,24.62606028
2415,2.053181667,13.04273,21.15163446
2416,2.053430278,13.038255,20.79184084
2417,2.053680278,13.033755,16.94966145
2418,2.053933611,13.029195,14.95861928
2419,2.054187778,13.02462,20.03160187
2420,2.0545275,13.018505,25.35665558
2421,2.054858611,13.012545,32.20157233
2422,2.055105833,13.008095,30.40917743
2423,2.055352778,13.00365,28.42603775
2424,2.055599722,12.999205,28.32489803
2425,2.055848056,12.994735,28.83974278
2426,2.056186389,12.988645,29.25771412
2427,2.056516944,12.982695,22.45431529
2428,2.056765278,12.978225,18.29572209
2429,2.057012222,12.97378,25.0603078
2430,2.057260556,12.96931,25.14664018
2431,2.057515556,12.96472,24.06447975
2432,2.057853611,12.958635,23.16318118
2433,2.058187222,12.95263,23.32009661
2434,2.058433056,12.948205,20.4017777
2435,2.058680833,12.943745,22.34447155
2436,2.058928333,12.93929,22.07194872
2437,2.059178889,12.93478,18.63799356
2438,2.059519444,12.92865,15.09271787
2439,2.059851944,12.922665,18.83844587
2440,2.060098889,12.91822,17.48179915
2441,2.060345556,12.91378,13.34904541
2442,2.060592778,12.90933,9.455471526
2443,2.060841667,12.90485,9.098418566
2444,2.061171667,12.89891,8.617252063
2445,2.061499444,12.89301,8.39425198
2446,2.061746389,12.888565,6.356495742
2447,2.061995833,12.884075,9.153780007
2448,2.062246111,12.87957,9.675399438
2449,2.062496389,12.875065,8.964772926
2450,2.062828889,12.86908,8.567849684
2451,2.063156111,12.86319,11.22559159
2452,2.063405833,12.858695,1.470342223
2453,2.063655,12.85421,-3.333636173
2454,2.063902778,12.84975,-5.274237954
2455,2.064151944,12.845265,-9.947129345
2456,2.064495,12.83909,-14.61336946
2457,2.0648275,12.833105,-15.00490334
2458,2.065074167,12.828665,-14.24009949
2459,2.065320833,12.824225,-10.7516911
2460,2.065568333,12.81977,-14.88011097
2461,2.065816944,12.815295,-13.44607823
2462,2.066153333,12.80924,-11.92386835
2463,2.066484722,12.803275,-7.141631301
2464,2.066731667,12.80117,-9.477677923
2465,2.066978333,12.80561,-14.68180431
2466,2.067226944,12.810085,-9.610147134
2467,2.067476111,12.81457,-7.805492482
2468,2.067813611,12.820645,-6.061084461
2469,2.068147222,12.82665,-3.078562021
2470,2.068395278,12.831115,2.201777846
2471,2.068640278,12.835525,4.429186798
2472,2.068885278,12.839935,3.061736952
2473,2.069131111,12.84436,0.842131486
2474,2.069466667,12.8504,-1.63078027
2475,2.069796389,12.856335,1.166050437
2476,2.070044722,12.860805,2.193768604
2477,2.070291667,12.86525,5.334230263
2478,2.070536389,12.869655,3.638547535
2479,2.070783056,12.874095,7.89311174
2480,2.071111944,12.880015,12.34429848
2481,2.0714375,12.885875,8.564080506
2482,2.071685278,12.890335,4.525743904
2483,2.071938056,12.894885,11.76772182
2484,2.072187222,12.89937,14.88167799
2485,2.072433333,12.9038,12.12420972
2486,2.072774167,12.909935,9.325463469
2487,2.073105833,12.915905,12.86048138
2488,2.0733525,12.920345,10.17358798
2489,2.073603056,12.924855,8.781372708
2490,2.073851389,12.929325,14.24636479
2491,2.0741,12.9338,17.39777786
2492,2.074440833,12.939935,20.72475458
2493,2.074771667,12.94589,20.54608211
2494,2.0750175,12.950315,20.88854425
2495,2.075264167,12.954755,22.29402978
2496,2.075514167,12.959255,19.15931122
2497,2.075762778,12.96373,13.90796364
2498,2.076102778,12.96985,8.488105776
2499,2.076431944,12.975775,10.36712965
2500,2.076683889,12.98031,12.57147574
2501,2.076931944,12.984775,6.989260322
2502,2.077178611,12.989215,7.784798125
2503,2.077426944,12.993685,10.518317
2504,2.077758889,12.99966,13.13956032
2505,2.078085833,13.005545,16.30471731
2506,2.0783325,13.009985,16.63941864
2507,2.078581111,13.01446,13.52614983
2508,2.078830556,13.01895,8.698438936
2509,2.079081667,13.02347,8.503016311
2510,2.079415278,13.029475,8.3166779
2511,2.0797425,13.035365,12.5603034
2512,2.079991944,13.039855,16.01620062
2513,2.080241389,13.044345,14.98065446
2514,2.080491944,13.048855,22.70467078
2515,2.080740278,13.053325,26.94050895
2516,2.081076667,13.05938,31.542468
2517,2.081403333,13.06526,30.21559549
2518,2.081652222,13.06974,33.41493371
2519,2.0819025,13.074245,36.37409746
2520,2.082150833,13.078715,35.41818688
2521,2.082398611,13.083175,37.8847378
2522,2.082729444,13.08913,40.17364198
2523,2.083054722,13.094985,33.58447649
2524,2.083301389,13.099425,32.93776548
2525,2.0835525,13.09737,33.65674253
2526,2.083801111,13.09438667,35.11500289
2527,2.084049722,13.09140333,36.75266669
2528,2.084386667,13.08736,38.00015279
2529,2.084715833,13.08341,38.92026474
2530,2.084966111,13.08040667,37.67410969
2531,2.085215556,13.07741333,40.13273105
2532,2.085465278,13.07441667,36.07644363
2533,2.085714444,13.07142667,34.01862716
2534,2.086054444,13.06734667,32.00589016
2535,2.086388056,13.06334333,26.56083806
2536,2.086636667,13.06036,21.40909401
2537,2.086889722,13.05732333,24.57491748
2538,2.087135556,13.05437333,30.93584682
2539,2.087386667,13.05136,35.16003288
2540,2.087718333,13.04738,39.59709908
2541,2.088043611,13.04347667,41.12290552
2542,2.088290556,13.04051333,41.45900227
2543,2.088536944,13.03755667,39.29121036
2544,2.088783889,13.03459333,38.95819836
2545,2.089030556,13.03163333,40.07052461
2546,2.089363056,13.02764333,41.24018756
2547,2.089691111,13.02370667,38.5987905
2548,2.089936944,13.02075667,35.66861687
2549,2.090185556,13.01777333,38.68289859
2550,2.090434722,13.01478333,41.41606408
2551,2.090684722,13.01178333,36.17586098
2552,2.091021667,13.00774,30.59494928
2553,2.091349444,13.00380667,29.59961126
2554,2.091595556,13.00085333,27.27551604
2555,2.091848333,12.99782,28.17588946
2556,2.092099722,12.99480333,26.83995545
2557,2.092349167,12.99181,28.84250854
2558,2.092687222,12.98775333,31.00426964
2559,2.093016944,12.98379667,35.36633562
2560,2.093264167,12.98083,35.48143348
2561,2.093513333,12.97784,35.8798005
2562,2.093763611,12.97483667,32.65774818
2563,2.094012222,12.97185333,30.2748101
2564,2.094341389,12.96790333,27.74404659
2565,2.094663889,12.96403333,25.15516731
2566,2.094912222,12.96105333,21.03837133
2567,2.095159167,12.95809,20.59523554
2568,2.095406667,12.95512,19.09702257
2569,2.095656389,12.95212333,18.64053911
2570,2.095992222,12.94809333,18.10926511
2571,2.096322222,12.94413333,21.52103295
2572,2.096571389,12.94114333,9.241332313
2573,2.096819167,12.93817,6.739200495
2574,2.097065278,12.93521667,2.129237958
2575,2.097310833,12.93227,-1.349326371
2576,2.097643611,12.92827667,-4.495181929
2577,2.0979725,12.92433,-6.991840631
2578,2.098217222,12.92139333,-4.384102704
2579,2.098464167,12.91843,-6.387471323
2580,2.098715278,12.91541667,-10.52432714
2581,2.098967222,12.91239333,-8.971756544
2582,2.099301944,12.90837667,-7.598541243
2583,2.099631944,12.90441667,-4.70080458
2584,2.099881111,12.90142667,-8.712780945
2585,2.100128889,12.90232,-12.94137476
2586,2.100374722,12.906745,-8.701828129
2587,2.100621111,12.91118,-10.84163086
2588,2.100950278,12.917105,-12.83652046
2589,2.101273611,12.922925,-8.230075103
2590,2.101519722,12.927355,-9.467475027
2591,2.101765278,12.931775,-8.493767518
2592,2.102014722,12.936265,-4.198976352
2593,2.102262222,12.94072,-3.622944705
2594,2.102603889,12.94687,-3.228744201
2595,2.102935833,12.952845,-4.483657113
2596,2.103181667,12.95727,-4.465186502
2597,2.10343,12.96174,-3.525552889
2598,2.103678889,12.96622,-6.259059914
2599,2.103926389,12.970675,-7.665384392
2600,2.104265556,12.97678,-8.890446385
2601,2.104596389,12.982735,-8.541921559
2602,2.104845556,12.98722,-6.440768633
2603,2.105098889,12.99178,-6.026569855
2604,2.105349167,12.996285,-0.186578402
2605,2.1055975,13.000755,3.453049116
2606,2.105935,13.00683,6.852410186
2607,2.106265833,13.012785,7.428453248
2608,2.106515278,13.017275,6.932618263
2609,2.1067625,13.021725,6.529393522
2610,2.107011944,13.026215,9.58098749
2611,2.107263333,13.03074,13.53890708
2612,2.107604444,13.03688,17.4527706
2613,2.107935278,13.042835,21.92224069
2614,2.108185556,13.04734,20.04207036
2615,2.108440556,13.05193,25.27789432
2616,2.1086925,13.056465,25.07171505
2617,2.108942222,13.06096,16.29207726
2618,2.109273611,13.066925,7.800629555
2619,2.109600556,13.07281,9.597188777
2620,2.109849167,13.077285,9.547592795
2621,2.110097778,13.08176,12.00916542
2622,2.110346389,13.086235,16.5805097
2623,2.110596111,13.09073,18.37998088
2624,2.110931111,13.09676,19.89484038
2625,2.111260278,13.102685,22.91844646
2626,2.111511389,13.107205,23.67443761
2627,2.111761944,13.111715,19.99448014
2628,2.112011111,13.1162,20.67841143
2629,2.112261667,13.12071,15.96414213
2630,2.112604167,13.126875,11.4127872
2631,2.112933056,13.132795,17.34810295
2632,2.11318,13.13724,20.1018582
2633,2.113429444,13.14173,21.02140811
2634,2.113680278,13.146245,24.38425551
2635,2.113928333,13.15071,23.23392688
2636,2.114273611,13.156925,22.19510268
2637,2.114607222,13.16293,24.06024763
2638,2.114854722,13.167385,27.78460759
2639,2.115101389,13.171825,27.6351648
2640,2.115349167,13.176285,25.20244037
2641,2.1155975,13.180755,27.7564921
2642,2.115937222,13.18687,30.23961848
2643,2.11627,13.19286,24.71996717
2644,2.116518056,13.197325,20.26299038
2645,2.116768889,13.2,20.67088068
2646,2.117020278,13.2,23.32697407
2647,2.117269722,13.2,26.68519662
2648,2.117605,13.2,29.93667761
2649,2.117936111,13.2,29.89260881
2650,2.118183611,13.2,29.8891532
2651,2.118429444,13.2,32.99228241
2652,2.118681667,13.2,32.59736151
2653,2.118930833,13.2,36.2010642
2654,2.119268056,13.2,39.94772286
2655,2.119596944,13.2,38.48902423
2656,2.119845556,13.2,38.05962022
2657,2.120096111,13.2,44.2299524
2658,2.120342778,13.2,47.60987857
2659,2.120593056,13.2,51.37550209
2660,2.120931111,13.2,54.95882486
2661,2.121258333,13.2,55.78086619
2662,2.121504167,13.2,56.41980438
2663,2.121750556,13.2,54.95973177
2664,2.121998611,13.2,57.30245766
2665,2.122246111,13.2,55.5087758
2666,2.122586944,13.2,53.74258023
2667,2.1229175,13.2,57.78806746
2668,2.123163333,13.2,55.09614176
2669,2.123411667,13.2,58.71350727
2670,2.123662222,13.2,60.04139237
2671,2.1239125,13.2,62.42748408
2672,2.124248056,13.2,64.66079581
2673,2.124583333,13.2,68.11540319
2674,2.124833889,13.2,68.04515748
2675,2.125083056,13.2,69.80397173
2676,2.125334167,13.2,69.71422133
2677,2.125581111,13.2,71.11233856
2678,2.125917222,13.2,72.49468342
2679,2.126245556,13.2,76.76258142
2680,2.126491389,13.2,75.0023885
2681,2.126742778,13.2,74.55435467
2682,2.126992778,13.2,71.74744206
2683,2.127240556,13.2,72.63454475
2684,2.127578611,13.2,73.41494309
2685,2.127911111,13.2,73.55549981
2686,2.128163333,13.2,72.11671848
2687,2.128413611,13.2,72.61194946
2688,2.128661111,13.2,72.22142395
2689,2.128911667,13.2,69.43698571
2690,2.129244444,13.2,66.52846931
2691,2.1295725,13.2,65.88152383
2692,2.129818333,13.2,63.50686069
2693,2.130066667,13.2,61.42886343
2694,2.130315556,13.2,59.77017384
2695,2.130566667,13.2,59.18832253
2696,2.130898889,13.2,58.91610713
2697,2.131225556,13.2,59.98038121
2698,2.131472778,13.2,60.84357668
2699,2.1317225,13.2,59.87900836
2700,2.131969167,13.2,60.7873575
2701,2.132217778,13.2,63.86198868
2702,2.132551111,13.2,66.70278873
2703,2.132879167,13.2,66.90524826
2704,2.133125278,13.2,64.34580721
2705,2.133376389,13.20103333,60.9246355
2706,2.133625833,13.20702,62.28838271
2707,2.133875278,13.21300667,57.49446255
2708,2.134217222,13.22121333,52.50472888
2709,2.134551111,13.22922667,54.82887121
2710,2.134798056,13.23515333,52.07780602
2711,2.135046389,13.24111333,49.02441739
2712,2.135296111,13.24710667,48.08661603
2713,2.135545556,13.25309333,47.57562244
2714,2.135886111,13.26126667,47.17164776
2715,2.136218333,13.26924,44.5837192
2716,2.136466389,13.27519333,42.72938714
2717,2.136713333,13.28112,41.06493025
2718,2.136960278,13.28704667,38.12578528
2719,2.137208611,13.29300667,34.50538293
2720,2.137543889,13.30105333,30.69683744
2721,2.137873889,13.30897333,28.45833402
2722,2.138120556,13.31489333,29.98279833
2723,2.138368333,13.32084,21.90773447
2724,2.138615,13.32676,27.72610312
2725,2.138867778,13.33282667,34.6132033
2726,2.139205833,13.34094,41.57792627
2727,2.139535833,13.34886,42.56284263
2728,2.139785278,13.35484667,44.59682347
2729,2.140033611,13.36080667,40.72605858
2730,2.140283333,13.3668,41.32533478
2731,2.140531667,13.37276,46.43838574
2732,2.140868056,13.38083333,51.41212744
2733,2.141196944,13.38872667,56.77837848
2734,2.141447222,13.39473333,58.07388853
2735,2.141697778,13.40074667,60.93441051
2736,2.141948333,13.40676,60.24253991
2737,2.142199167,13.41278,57.78529861
2738,2.142530278,13.42072667,55.30601576
2739,2.142854722,13.42851333,54.93954717
2740,2.143103889,13.43449333,53.77301893
2741,2.14335,13.4404,57.83608542
2742,2.1435975,13.44634,60.12064357
2743,2.143849722,13.45239333,54.2210401
2744,2.144180556,13.46033333,48.43896569
2745,2.144505833,13.46814,46.83997246
2746,2.144751389,13.47403333,48.66850751
2747,2.144998889,13.47997333,45.13646691
2748,2.145248611,13.48596667,46.12945511
2749,2.145498056,13.49195333,42.50160553
2750,2.145829444,13.49990667,38.65504573
2751,2.146156944,13.50776667,37.70714019
2752,2.146406389,13.51375333,40.08566391
2753,2.146656389,13.51975333,40.89581312
2754,2.146905278,13.52572667,40.43367185
2755,2.147157222,13.53177333,33.67486262
2756,2.147494444,13.53986667,27.08890741
2757,2.1478225,13.54774,29.32500859
2758,2.148073056,13.55375333,25.04005942
2759,2.148322222,13.55973333,21.63887715
2760,2.148568889,13.56565333,19.96717272
2761,2.148816111,13.57158667,24.22212551
2762,2.149152778,13.57966667,28.09760208
2763,2.149482778,13.58758667,24.09485939
2764,2.149729444,13.59350667,21.95441213
2765,2.149976389,13.59943333,21.73850985
2766,2.150223889,13.59597,24.79587521
2767,2.150471667,13.59151,22.62474934
2768,2.150805278,13.585505,20.57831421
2769,2.151132222,13.57962,17.83610278
2770,2.151378889,13.57518,17.84916395
2771,2.151625833,13.570735,12.88138703
2772,2.151874722,13.566255,10.24324396
2773,2.152127222,13.56171,13.67005399
2774,2.152460833,13.555705,17.05516589
2775,2.152789444,13.54979,18.23374321
2776,2.153036389,13.545345,16.79698322
2777,2.153283056,13.540905,15.09274232
2778,2.153528056,13.536495,12.89805867
2779,2.153775556,13.53204,13.39511316
2780,2.154108056,13.526055,13.84646427
2781,2.154440556,13.52007,13.19863763
2782,2.154691389,13.515555,10.68675048
2783,2.154940556,13.51107,10.22528657
2784,2.155190278,13.506575,14.08299813
2785,2.155441389,13.502055,15.46856419
2786,2.155773333,13.49608,16.86118241
2787,2.156098056,13.490235,16.66524162
2788,2.156344444,13.4858,17.21305715
2789,2.15659,13.48138,23.70236192
2790,2.156836389,13.476945,24.03410669
2791,2.157085278,13.472465,24.16418388
2792,2.157420833,13.466425,24.32506608
2793,2.157753056,13.460445,28.95172629
2794,2.158000556,13.45599,29.40628459
2795,2.158246389,13.451565,30.17845629
2796,2.158494167,13.447105,34.45559997
2797,2.158742778,13.44263,31.46759428
2798,2.15908,13.43656,28.61634395
2799,2.159408889,13.43064,29.26772126
2800,2.159655833,13.426195,25.39374813
2801,2.159905278,13.421705,27.00333297
2802,2.160150833,13.417285,24.33192004
2803,2.160397778,13.41284,25.50655886
2804,2.160731667,13.40683,26.63851045
2805,2.16106,13.40092,28.06745074
2806,2.161308611,13.396445,30.41372585
2807,2.161556111,13.39199,33.85667693
2808,2.161802222,13.38756,32.88894909
2809,2.162049722,13.383105,28.45353353
2810,2.162384167,13.377085,23.76786059
2811,2.162714722,13.371135,23.27180784
2812,2.162962222,13.36668,23.30289572
2813,2.163210278,13.362215,22.40428862
2814,2.163460278,13.357715,24.61828144
2815,2.163708889,13.35324,25.90872261
2816,2.164053333,13.34704,27.1198601
2817,2.164388056,13.341015,29.69159989
2818,2.164636389,13.336545,26.81938589
2819,2.164883056,13.332105,27.266824
2820,2.16513,13.32766,24.58176483
2821,2.165378333,13.32319,28.9242079
2822,2.165719167,13.317055,33.49635504
2823,2.1660525,13.311055,30.11435339
2824,2.166298333,13.30663,28.08629674
2825,2.166548889,13.30212,33.00670786
2826,2.166795278,13.30385833,37.52614351
2827,2.167043333,13.3113,36.26878263
2828,2.167380556,13.32141667,34.65885394
2829,2.167712778,13.33138333,35.53001667
2830,2.167958611,13.33875833,34.32971988
2831,2.168203889,13.34611667,30.07241906
2832,2.168452222,13.35356667,26.10743053
2833,2.168700556,13.36101667,27.54854479
2834,2.169036111,13.37108333,29.15371384
2835,2.169363056,13.38089167,30.03909616
2836,2.169612778,13.38838333,31.27784193
2837,2.169860278,13.39580833,31.56034606
2838,2.170105,13.40315,33.23683811
2839,2.170354444,13.41063333,32.55566105
2840,2.170692778,13.42078333,31.7165701
2841,2.171018056,13.43054167,25.56636279
2842,2.171268333,13.43805,26.43317015
2843,2.1715125,13.445375,24.56808057
2844,2.171760556,13.45281667,28.78418091
2845,2.172009444,13.46028333,29.95112971
2846,2.172341944,13.47025833,31.16703282
2847,2.172667222,13.48001667,32.65019648
2848,2.172915833,13.487475,31.25323132
2849,2.173164167,13.494925,26.93861295
2850,2.173412778,13.50238333,26.94570494
2851,2.173660278,13.50980833,29.90727703
2852,2.173995,13.51985,33.06231074
2853,2.174324722,13.52974167,34.98066199
2854,2.174575,13.53725,38.15558018
2855,2.17483,13.5449,34.24897822
2856,2.175083056,13.55249167,34.03854516
2857,2.175335556,13.56006667,38.64824077
2858,2.175666111,13.56998333,42.84168609
2859,2.175991667,13.57975,44.48840579
2860,2.176235556,13.58706667,45.56459553
2861,2.176480278,13.59440833,48.96880417
2862,2.17673,13.6019,47.29838975
2863,2.1769775,13.609325,43.29381426
2864,2.177315278,13.61945833,39.53631439
2865,2.177645278,13.62935833,36.82625722
2866,2.177892778,13.63678333,39.81885521
2867,2.178143611,13.64430833,40.31028969
2868,2.178390833,13.651725,44.86675216
2869,2.1786375,13.659125,44.24974466
2870,2.178968333,13.66905,43.64364619
2871,2.179298333,13.67895,40.14880103
2872,2.179551389,13.68654167,40.63358613
2873,2.179798056,13.69394167,37.04136782
2874,2.180043611,13.70130833,35.83028163
2875,2.1802925,13.708775,30.94027957
2876,2.180626944,13.71880833,26.10941165
2877,2.180952222,13.72856667,25.46520922
2878,2.181200833,13.736025,21.10057364
2879,2.181448333,13.74345,21.66175414
2880,2.181693889,13.75081667,21.00705581
2881,2.181939722,13.75819167,22.81185914
2882,2.182273333,13.7682,24.18575619
2883,2.182599722,13.77799167,25.14036485
2884,2.182848056,13.78544167,25.18949384
2885,2.183098611,13.79295833,25.55352423
2886,2.183345,13.8,30.12151248
2887,2.183592222,13.8,27.12684716
2888,2.183931111,13.8,24.50386281
2889,2.184264167,13.8,23.20921084
2890,2.184511944,13.8,25.66954121
2891,2.184760556,13.8,25.05653608
2892,2.1850075,13.8,21.12554454
2893,2.185256111,13.8,22.02930728
2894,2.185589444,13.8,22.70341552
2895,2.185919167,13.8,23.50858003
2896,2.186165,13.8,20.14241268
2897,2.186409167,13.8,18.58050458
2898,2.186658333,13.8,18.3735917
2899,2.186906944,13.8,19.42126348
2900,2.187244167,13.8,20.55531939
2901,2.187573056,13.8,17.51273231
2902,2.187820833,13.8,16.42852503
2903,2.188073056,13.8,19.15608217
2904,2.188325,13.8,21.70426458
2905,2.188574722,13.8,23.30429768
2906,2.188911111,13.8,24.82705587
2907,2.189241389,13.8,23.07291346
2908,2.189486667,13.8,20.2038641
2909,2.1897375,13.8,24.54870351
2910,2.189986389,13.8,25.79054826
2911,2.190235,13.8,29.44110613
2912,2.190572222,13.8,33.26295869
2913,2.190901944,13.8,34.55370256
2914,2.191153056,13.8,32.51807123
2915,2.191401944,13.8,30.78032438
2916,2.191650278,13.8,32.19964652
2917,2.191898056,13.8,31.31186557
2918,2.192230278,13.8,30.57868149
2919,2.192555,13.8,33.77529622
2920,2.1928025,13.8,31.85446256
2921,2.193051111,13.8,34.87449179
2922,2.193299722,13.8,32.66723615
2923,2.193547222,13.8,37.09593793
2924,2.193886389,13.8,41.28363538
2925,2.194216111,13.8,41.31372046
2926,2.194464444,13.8,45.14147276
2927,2.194715,13.8,47.51271925
2928,2.194966389,13.8,47.42102847
2929,2.195215,13.8,44.2159942
2930,2.195552222,13.8,40.80783261
2931,2.195886389,13.8,45.1519487
2932,2.196132778,13.8,42.59239967
2933,2.196379722,13.8,39.08055216
2934,2.196625278,13.8,39.88389909
2935,2.196875,13.8,37.15360768
2936,2.197216667,13.8,34.38227707
2937,2.197548611,13.8,34.92220761
2938,2.197794167,13.8,32.03985183
2939,2.198041667,13.8,33.98612164
2940,2.198287778,13.8,30.63801737
2941,2.198537778,13.8,33.0037408
2942,2.198875278,13.8,35.48074102
2943,2.199206944,13.8,29.34327903
2944,2.199456389,13.8,26.13556471
2945,2.199701944,13.8,29.95960082
2946,2.199952222,13.8,33.59755177
2947,2.200203889,13.80244667,31.93916143
2948,2.200543056,13.80651667,30.09209554
2949,2.200874722,13.81049667,34.47650868
2950,2.201120556,13.81344667,36.32733858
2951,2.201366111,13.81639333,36.23928752
2952,2.201617222,13.81940667,31.95554956
2953,2.201864722,13.82237667,35.03965614
2954,2.202200278,13.82640333,38.2967179
2955,2.202531944,13.83038333,40.06271262
2956,2.202779722,13.83335667,41.53111287
2957,2.203025556,13.83630667,42.49817139
2958,2.203273333,13.83928,41.02696426
2959,2.203522778,13.84227333,42.60466831
2960,2.203858889,13.84630667,43.86262945
2961,2.204187778,13.85025333,40.53225633
2962,2.204434444,13.85321333,42.09927377
2963,2.204682222,13.85618667,46.52808582
2964,2.204930833,13.85917,46.84338708
2965,2.205178889,13.86214667,43.52903642
2966,2.205513333,13.86616,40.16302471
2967,2.205840556,13.87008667,42.49653011
2968,2.206089167,13.87307,40.84094377
2969,2.206337778,13.87605333,37.56721437
2970,2.206591111,13.87909333,38.18795229
2971,2.206841389,13.88209667,34.29132602
2972,2.207170833,13.88605,30.56620452
2973,2.207495278,13.88994333,30.77144917
2974,2.207745556,13.89294667,33.16193376
2975,2.207997222,13.89596667,28.43960946
2976,2.208246667,13.89896,27.86704291
2977,2.208494167,13.90193,29.74064906
2978,2.208829444,13.90595333,31.38009776
2979,2.2091575,13.90989,28.99835799
2980,2.209401389,13.91281667,27.540636
2981,2.209646667,13.91576,26.59703882
2982,2.209894722,13.91873667,23.75173147
2983,2.210143611,13.92172333,23.08471401
2984,2.210482778,13.92579333,22.47557928
2985,2.210813333,13.92976,19.04624055
2986,2.211063889,13.93276667,15.58044129
2987,2.211314722,13.93577667,17.55624093
2988,2.211565556,13.93878667,26.11464956
2989,2.211813889,13.94176667,27.63188152
2990,2.212151111,13.94581333,29.35831951
2991,2.212485278,13.94982333,25.15564968
2992,2.212732222,13.95278667,26.79227965
2993,2.21298,13.95576,24.17686661
2994,2.213229167,13.95875,23.68500756
2995,2.213475833,13.96171,23.33299386
2996,2.213811389,13.96573667,22.78656251
2997,2.214142222,13.96970667,19.32775407
2998,2.214393333,13.97272,15.4795797
2999,2.214641944,13.97570333,15.07754747
3000,2.214889722,13.97867667,11.6351231
3001,2.2151425,13.98171,7.018831395
3002,2.215478056,13.98573667,2.197395898
3003,2.215805833,13.98967,5.567980015
3004,2.216054722,13.99265667,5.227590457
3005,2.216303056,13.99563667,8.599583328
3006,2.216550556,13.99860667,8.033214355
3007,2.216801111,14.00161333,2.489052546
3008,2.217141667,14.0057,-2.948410948
3009,2.217474444,14.00969333,-2.335550884
3010,2.217728611,14.01274333,-4.89353202
3011,2.217975278,14.01570333,-0.513818877
3012,2.2182225,14.01867,-3.060517858
3013,2.218466944,14.02160333,-3.173344962
3014,2.218795556,14.02554667,-3.280605125
3015,2.219121111,14.02945333,-2.137145905
3016,2.219368889,14.03242667,-5.097722073
3017,2.219613611,14.03536333,-4.326660328
3018,2.219862222,14.03834667,-4.853249388
3019,2.2201125,14.04135,-5.409060616
3020,2.220443056,14.04531667,-5.771219784
3021,2.220766944,14.04920333,-10.11064839
3022,2.221015,14.05218,-9.837076566
3023,2.221261111,14.05513333,-11.98976953
3024,2.221506944,14.05808333,-14.30725311
3025,2.221754444,14.06105333,-13.07556652
3026,2.222087778,14.06505333,-12.27609044
3027,2.222416667,14.069,-10.89258608
3028,2.222665556,14.07198667,-13.36113307
3029,2.222912778,14.07495333,-9.358774456
3030,2.223161667,14.07794,-5.409321179
3031,2.223411111,14.08093333,2.330510929
3032,2.223745278,14.08494333,10.70911388
3033,2.224076111,14.08891333,10.38615268
3034,2.224322778,14.09187333,7.506604442
3035,2.224570278,14.09484333,9.344688108
3036,2.224821944,14.09786333,7.913638806
3037,2.225075,14.1009,8.157138252
3038,2.225410278,14.10492333,8.250421539
3039,2.225739167,14.10887,11.49894956
3040,2.225985,14.11182,13.96605427
3041,2.226232778,14.11479333,13.46954756
3042,2.226477778,14.11773333,12.39092579
3043,2.226726111,14.12071333,18.64118246
3044,2.227056111,14.12467333,24.84886909
3045,2.227386944,14.12864333,23.23608315
3046,2.227633333,14.1316,25.94173928
3047,2.227882778,14.13459333,28.95215038
3048,2.228131389,14.13757667,35.64177281
3049,2.228381944,14.14058333,32.01838783
3050,2.228720833,14.14465,28.46437973
3051,2.229050833,14.14861,35.25440857
3052,2.229301944,14.15162333,36.39309932
3053,2.229554167,14.15465,32.48311042
3054,2.229805278,14.15766333,35.32058171
3055,2.230056667,14.16068,34.75988902
3056,2.2303875,14.16465,34.09642885
3057,2.230712778,14.16855333,36.71020635
3058,2.230960556,14.17152667,37.88318226
3059,2.231208056,14.17449667,37.78741436
3060,2.231453611,14.17744333,37.09234558
3061,2.231701389,14.18041667,34.80886385
3062,2.2320375,14.18445,32.69709186
3063,2.2323675,14.18841,31.36107424
3064,2.232615,14.19138,26.83537942
3065,2.2328625,14.19435,28.81271655
3066,2.233109444,14.19731333,27.14054293
3067,2.233360833,14.2,25.06004173
3068,2.233693333,14.2,22.85101846
3069,2.234019444,14.2,26.92410089
3070,2.234266389,14.2,28.19780846
3071,2.234514722,14.2,28.44846955
3072,2.2347625,14.2,23.55190251
3073,2.235013056,14.2,25.34924361
3074,2.235348056,14.2,27.07499444
3075,2.235679722,14.2,30.49685324
3076,2.235924722,14.2,31.23836938
3077,2.236172222,14.2,34.67422168
3078,2.236421667,14.2,32.18122386
3079,2.2366725,14.2,34.974489
3080,2.237005556,14.2,37.72303768
3081,2.237332222,14.2,37.90268295
3082,2.237578333,14.2,32.78911023
3083,2.237827222,14.2,37.38433222
3084,2.238075556,14.2,42.08513698
3085,2.238323333,14.2,40.87104258
3086,2.238665278,14.2,39.62430927
3087,2.238996667,14.2,41.23157923
3088,2.239243611,14.2,41.95342897
3089,2.239491111,14.2,41.90028499
3090,2.239739722,14.2,38.23214865
3091,2.239988056,14.2,38.11951949
3092,2.240327222,14.2,37.80603836
3093,2.240653333,14.2,43.29256666
3094,2.240899444,14.2,46.0761563
3095,2.241146944,14.2,46.73129146
3096,2.241396944,14.2,48.86308582
3097,2.241646667,14.2,49.21493663
3098,2.241981944,14.2,49.69430589
3099,2.24231,14.2,41.9486215
3100,2.242559167,14.2,45.89428608
3101,2.242809722,14.2,46.82143315
3102,2.243061389,14.2,47.69361018
3103,2.243310556,14.2,48.07901876
3104,2.243646944,14.2,48.00568009
3105,2.243979167,14.2,44.45223273
3106,2.244227222,14.2,42.30314882
3107,2.244474722,14.2,41.65905712
3108,2.244722222,14.2,46.62554969
3109,2.244971944,14.2,48.32326679
3110,2.245306944,14.2,50.29786119
3111,2.245636111,14.2,47.98053653
3112,2.245886389,14.2,47.55705508
3113,2.246136667,14.2,52.34879688
3114,2.246389167,14.2,56.44137214
3115,2.246640278,14.2,60.54225002
3116,2.2469725,14.2,64.65106112
3117,2.247299167,14.2,63.38756281
3118,2.24755,14.2,57.23628226
3119,2.247798889,14.2,60.20093123
3120,2.248045833,14.2,57.23939755
3121,2.248294167,14.2,54.31612264
3122,2.248629167,14.2,51.3125727
3123,2.2489575,14.2,49.0357221
3124,2.249206944,14.2,49.96894168
3125,2.249454722,14.2,54.62224782
3126,2.249703333,14.2,52.68008739
3127,2.249950833,14.2,45.35772746
3128,2.250277778,14.20166667,38.12022265
3129,2.250602222,14.20361333,34.83771866
3130,2.250850556,14.20510333,32.84577416
3131,2.251099444,14.20659667,38.28761837
3132,2.251346111,14.20807667,38.38268676
3133,2.251596389,14.20957833,37.22144102
3134,2.251930833,14.211585,35.74011231
3135,2.252260556,14.21356333,36.59153355
3136,2.252509167,14.215055,35.69630255
3137,2.252759444,14.21655667,35.08713082
3138,2.253007222,14.21804333,33.1628006
3139,2.253254167,14.219525,30.06222952
3140,2.253593889,14.22156333,27.00127131
3141,2.253928889,14.22357333,21.69335667
3142,2.254177778,14.22506667,20.51941781
3143,2.254423611,14.22654167,15.29819694
3144,2.254671944,14.22803167,15.27192165
3145,2.254922222,14.22953333,15.69703561
3146,2.255262222,14.23157333,15.96556396
3147,2.255591944,14.23355167,19.64028163
3148,2.255839722,14.23503833,20.70606716
3149,2.256089167,14.236535,21.41661824
3150,2.256336944,14.23802167,21.5245279
3151,2.256586111,14.23951667,23.07998421
3152,2.256918889,14.24151333,25.02864153
3153,2.257251667,14.24351,31.0323505
3154,2.257500833,14.245005,30.80831929
3155,2.257748611,14.24649167,34.52272697
3156,2.257996389,14.24797833,33.16015671
3157,2.258243056,14.24945833,31.07907338
3158,2.258579444,14.25147667,28.98948135
3159,2.258905556,14.25343333,30.80922268
3160,2.259153611,14.25492167,28.23600631
3161,2.259404444,14.25642667,31.60187444
3162,2.259655833,14.257935,37.87672535
3163,2.259904167,14.259425,40.20338792
3164,2.260239444,14.26143667,42.20405258
3165,2.260570278,14.26342167,42.10299625
3166,2.260817778,14.26490667,43.84243444
3167,2.261064444,14.26638667,45.51019092
3168,2.261315,14.26789,50.02944874
3169,2.261566944,14.26940167,42.99092415
3170,2.261898889,14.27139333,36.42554097
3171,2.262223889,14.27334333,41.9678459
3172,2.262470556,14.27482333,47.16989261
3173,2.262717778,14.27630667,47.12173847
3174,2.262968611,14.27781167,50.71776728
3175,2.263215278,14.27929167,53.94411666
3176,2.263550556,14.28130333,56.9245695
3177,2.263879722,14.28327833,60.50032631
3178,2.26413,14.28478,62.83733078
3179,2.2643775,14.286265,61.10291314
3180,2.264625556,14.28775333,59.50953763
3181,2.264876667,14.28926,51.87830851
3182,2.2652175,14.291305,44.50407402
3183,2.265553889,14.29332333,49.03376757
3184,2.265803333,14.29482,46.06257218
3185,2.266054444,14.29632667,47.71731816
3186,2.266305556,14.29783333,50.27348587
3187,2.266555278,14.29933167,52.48315852
3188,2.266887778,14.30398,54.77554032
3189,2.267216111,14.30989,57.30275314
3190,2.267464167,14.314355,57.90615235
3191,2.267713056,14.318835,55.6649285
3192,2.267959722,14.323275,49.93373844
3193,2.268203611,14.327665,51.86413375
3194,2.268539167,14.333705,53.66265489
3195,2.268869444,14.33965,58.26883542
3196,2.269116667,14.3441,57.70220285
3197,2.269364167,14.348555,63.41547913
3198,2.269610556,14.35299,68.56294944
3199,2.269858333,14.35745,69.25507153
3200,2.270192778,14.36347,70.14819032
3201,2.270523611,14.369425,75.83289857
3202,2.270769444,14.37385,72.41535762
3203,2.271019722,14.378355,74.99448066
3204,2.271268611,14.382835,82.56461261
3205,2.271515,14.38727,79.4918109
3206,2.271853056,14.393355,76.54237142
3207,2.272180278,14.399245,79.03756594
3208,2.272426111,14.40367,78.4646467
3209,2.272672778,14.40811,84.45526996
3210,2.272921389,14.412585,74.55669466
3211,2.273168889,14.41704,77.82872563
3212,2.273495,14.42291,80.8519943
3213,2.273824722,14.428845,88.7759274
3214,2.274070556,14.43327,92.12605786
3215,2.2743175,14.437715,90.51297837
3216,2.274565,14.44217,94.71817139
3217,2.274814722,14.446665,96.19995426
3218,2.275151667,14.45273,97.83731911
3219,2.275480556,14.45865,94.11553079
3220,2.275728333,14.46311,94.49438961
3221,2.275976111,14.46757,97.35567521
3222,2.276221944,14.471995,103.6527251
3223,2.276468611,14.476435,106.4441097
3224,2.276809444,14.48257,109.1794729
3225,2.277135556,14.48844,106.7547016
3226,2.277384722,14.492925,107.8817363
3227,2.277632778,14.49739,106.2989689
3228,2.277882222,14.50188,105.6833291
3229,2.278130278,14.506345,105.2172087
3230,2.278466944,14.512405,104.7768297
3231,2.278798333,14.51837,103.5620212
3232,2.279048056,14.522865,99.45163204
3233,2.2792975,14.527355,101.8153716
3234,2.279542222,14.53176,100.0119993
3235,2.279790556,14.53623,103.8439509
3236,2.280122222,14.5422,107.7828
3237,2.280450556,14.54811,108.3809249
3238,2.280699167,14.552585,107.3612854
3239,2.280950556,14.55711,113.9233953
3240,2.281198889,14.56158,114.6902359
3241,2.281453889,14.56617,113.028404
3242,2.281785278,14.572135,111.2874514
3243,2.282111389,14.578005,105.7911543
3244,2.282357778,14.58244,106.8252279
3245,2.282602222,14.58684,108.1351065
3246,2.282850833,14.591315,104.4876957
3247,2.283099444,14.59579,99.12786993
3248,2.2834375,14.6,94.05859325
3249,2.283766667,14.6,82.71226459
3250,2.284015833,14.6,82.85654588
3251,2.284268889,14.6,88.85267431
3252,2.284521111,14.6,91.74406987
3253,2.28477,14.6,91.91015026
3254,2.285105833,14.6,91.78364659
3255,2.285436944,14.6,93.72556643
3256,2.285685278,14.6,94.77126471
3257,2.285933889,14.6,95.35242954
3258,2.286180556,14.6,91.3727437
3259,2.286430278,14.6,87.17579602
3260,2.286767222,14.6,82.83071162
3261,2.287096111,14.6,80.34057763
3262,2.287341944,14.6,76.05029742
3263,2.287591667,14.6,73.18332664
3264,2.287840833,14.6,70.89579964
3265,2.28809,14.6,68.00202774
3266,2.288427222,14.6,65.3541173
3267,2.288758889,14.6,65.4373989
3268,2.289013333,14.6,65.80572687
3269,2.289261667,14.6,56.06152183
3270,2.289511111,14.6,49.16729385
3271,2.289760833,14.6,47.96156408
3272,2.290100556,14.6,46.66510686
3273,2.290430278,14.6,54.18509144
3274,2.290676111,14.6,55.93986136
3275,2.290928333,14.6,58.46034499
3276,2.291177778,14.6,56.88602638
3277,2.291426389,14.6,50.62782787
3278,2.291761111,14.6,44.43585519
3279,2.292090833,14.6,45.42631184
3280,2.292337222,14.6,41.71336111
3281,2.292586944,14.6,43.11629831
3282,2.292834722,14.6,43.83495031
3283,2.293084722,14.6,42.13690529
3284,2.293425556,14.6,40.26960464
3285,2.293756389,14.6,41.75724261
3286,2.294002222,14.6,40.99603957
3287,2.294250556,14.6,36.50201542
3288,2.294497222,14.6,34.09925603
3289,2.294745,14.6,25.81372383
3290,2.295078333,14.6,18.06521596
3291,2.295402222,14.6,19.05366173
3292,2.295646111,14.6,20.16172674
3293,2.295893889,14.6,18.91311644
3294,2.296141389,14.6,17.03389586
3295,2.296388056,14.6,17.28096443
3296,2.296716944,14.6,17.4100895
3297,2.297040556,14.6,14.05801732
3298,2.297286111,14.6,12.80807073
3299,2.297535556,14.6,7.230431131
3300,2.297780278,14.6,2.121223413
3301,2.298028056,14.6,-4.464260939
3302,2.298362778,14.6,-11.2251431
3303,2.298687778,14.6,-9.641669116
3304,2.298934722,14.6,-12.11580635
3305,2.299180278,14.6,-15.09614461
3306,2.299427222,14.6,-14.37485231
3307,2.299675556,14.6,-13.386809
3308,2.300006389,14.59996167,-11.87075745
3309,2.300331944,14.59800833,-11.35503347
3310,2.300581944,14.59650833,-8.225067218
3311,2.30083,14.59502,-10.78343408
3312,2.301076389,14.59354167,-15.21237587
3313,2.301324722,14.59205167,-16.97807536
3314,2.301666389,14.59000167,-18.80725592
3315,2.301998611,14.58800833,-14.68692221
3316,2.302243056,14.58654167,-16.7014311
3317,2.302487222,14.58507667,-16.30895618
3318,2.302734167,14.583595,-12.5060973
3319,2.302984444,14.58209333,-16.02753262
3320,2.3033225,14.580065,-19.39871341
3321,2.303649444,14.57810333,-16.44873772
3322,2.303894444,14.57663333,-15.01291486
3323,2.304140278,14.57515833,-15.08700547
3324,2.304389444,14.57366333,-9.306141363
3325,2.304636111,14.57218333,-13.95187903
3326,2.304974444,14.57015333,-18.42066151
3327,2.305303611,14.56817833,-15.67524423
3328,2.305552778,14.56668333,-16.66000423
3329,2.305802222,14.56518667,-12.41858373
3330,2.306053333,14.56368,-17.64725057
3331,2.306303056,14.56218167,-14.53699871
3332,2.306634722,14.56019167,-11.25406319
3333,2.306963611,14.55821833,-4.329837302
3334,2.3072125,14.556725,-2.072426462
3335,2.307463333,14.55522,-4.303376466
3336,2.307715,14.55371,-0.854675463
3337,2.307964167,14.552215,0.718229238
3338,2.3082975,14.550215,2.469586633
3339,2.308624722,14.54825167,3.606906104
3340,2.308874167,14.546755,0.173885861
3341,2.309122222,14.54526667,-0.282341554
3342,2.309370556,14.54377667,1.987038252
3343,2.309619167,14.542285,4.09862554
3344,2.309948889,14.54030667,6.253369447
3345,2.310271389,14.53837167,5.20316994
3346,2.310516389,14.53690167,2.273098654
3347,2.310762778,14.53542333,-0.361501873
3348,2.311009444,14.53394333,-0.975153265
3349,2.311255556,14.53246667,-1.194215879
3350,2.311592778,14.53044333,-1.350933668
3351,2.311925278,14.52844833,-1.608907922
3352,2.312170278,14.52697833,-0.66897979
3353,2.312415833,14.525505,-2.635786303
3354,2.312661111,14.52403333,-6.845945841
3355,2.312907778,14.52255333,-8.749697825
3356,2.313241944,14.52054833,-10.63086341
3357,2.313568333,14.51859,-5.77007334
3358,2.3138175,14.517095,-1.664776532
3359,2.314066944,14.51559833,4.123468059
3360,2.314315833,14.514105,6.263099658
3361,2.314565,14.51261,7.356761717
3362,2.314900278,14.51059833,8.679514321
3363,2.315226944,14.50863833,12.92545329
3364,2.315475278,14.50714833,16.47435998
3365,2.315722778,14.50566333,16.70245454
3366,2.315969722,14.50418167,14.66602078
3367,2.316216389,14.50270167,10.897923
3368,2.3165525,14.500685,7.31621889
3369,2.316880278,14.50769,2.090611172
3370,2.317129167,14.51665,-0.04896561
3371,2.317379722,14.52567,-2.92131043
3372,2.317629167,14.53465,-0.469003977
3373,2.3178775,14.54359,2.884847894
3374,2.318215278,14.55575,6.378346627
3375,2.318545278,14.56763,16.07427212
3376,2.318792778,14.57654,20.99846389
3377,2.319039444,14.58542,25.80132615
3378,2.319289167,14.59441,26.373146
3379,2.319541111,14.60348,25.70720422
3380,2.319879722,14.61567,24.82249046
3381,2.320210833,14.62759,26.56234098
3382,2.320459722,14.63655,27.22192428
3383,2.32071,14.64556,28.39954729
3384,2.320956667,14.65444,25.38472788
3385,2.321204444,14.66336,28.3282455
3386,2.321540556,14.67546,31.57076109
3387,2.321870556,14.68734,31.75939123
3388,2.322116389,14.69619,33.09658109
3389,2.322364722,14.70513,25.53574105
3390,2.322613056,14.71407,24.27758646
3391,2.322859444,14.72294,28.74842483
3392,2.3231975,14.73511,33.001987
3393,2.323532778,14.74718,34.30948956
3394,2.323783056,14.75619,39.26377941
3395,2.324035833,14.76529,41.22895456
3396,2.324286389,14.77431,42.22767913
3397,2.324536111,14.7833,39.84305658
3398,2.324871944,14.79539,37.7117856
3399,2.325198056,14.80713,38.90468002
3400,2.325445833,14.81605,40.63576142
3401,2.325694444,14.825,42.19878966
3402,2.325943056,14.83395,39.29992885
3403,2.326191667,14.8429,37.88399815
3404,2.326524444,14.85488,36.53675783
3405,2.3268525,14.86669,41.32768508
3406,2.327098611,14.87555,42.80574971
3407,2.327348056,14.88453,39.37845643
3408,2.327601389,14.89365,40.29270743
3409,2.327851944,14.90267,32.11278178
3410,2.328186389,14.91471,23.91783147
3411,2.328513333,14.92648,27.20020708
3412,2.328761111,14.9354,28.19497316
3413,2.329010278,14.94437,30.68278664
3414,2.329256389,14.95323,30.67830316
3415,2.329503889,14.96214,32.22916989
3416,2.329833056,14.97399,33.99282696
3417,2.330156111,14.98562,31.96192619
3418,2.330401111,14.99444,31.63112009
3419,2.330649722,15.00339,27.23013156
3420,2.330896389,15.01227,26.36099234
3421,2.331147778,15.02132,26.80051352
3422,2.331483056,15.03339,26.9173429
3423,2.331813889,15.0453,31.21373375
3424,2.332060556,15.05418,31.05655396
3425,2.33231,15.06316,32.53037137
3426,2.332558611,15.07211,25.5606547
3427,2.332806111,15.08102,26.68800179
3428,2.333143611,15.09317,28.27500742
3429,2.333475833,15.09829,30.0464361
3430,2.333724444,15.09530667,35.14774415
3431,2.333971389,15.09234333,36.22391193
3432,2.334217778,15.08938667,34.95119158
3433,2.334466389,15.08640333,31.98533183
3434,2.3348,15.0824,28.72817163
3435,2.335128056,15.07846333,32.85125903
3436,2.335373889,15.07551333,34.36071503
3437,2.335622222,15.07253333,33.62359768
3438,2.335870556,15.06955333,34.86796679
3439,2.336120556,15.06655333,30.61567647
3440,2.336453056,15.06256333,26.45297067
3441,2.336783056,15.05860333,25.45030555
3442,2.337031111,15.05562667,23.94913124
3443,2.33728,15.05264,21.32831453
3444,2.3375275,15.04967,26.84048549
3445,2.337778611,15.04665667,25.40922264
3446,2.338109722,15.04268333,23.9596204
3447,2.338435556,15.03877333,22.96476254
3448,2.338683333,15.0358,24.24665889
3449,2.33893,15.03284,27.27740959
3450,2.339178333,15.02986,25.96773159
3451,2.339428333,15.02686,30.14087123
3452,2.339776111,15.02268667,34.29435429
3453,2.340112222,15.01865333,36.9124143
3454,2.34036,15.01568,39.28244274
3455,2.340610556,15.01267333,40.53919814
3456,2.340862778,15.00964667,43.2242966
3457,2.341112778,15.00664667,45.5145461
3458,2.341442222,15.00269333,48.02662756
3459,2.341766389,14.99880333,43.25156075
3460,2.342013056,14.99584333,38.83582415
3461,2.342260556,14.99287333,41.53183475
3462,2.342510833,14.98987,41.5338397
3463,2.342758889,14.98689333,41.24827331
3464,2.343096667,14.98284,40.7354951
3465,2.343431944,14.97881667,42.57517034
3466,2.343682222,14.97581333,37.76920453
3467,2.34393,14.97284,37.60128045
3468,2.344174722,14.96990333,39.57713736
3469,2.344421667,14.96694,40.56440646
3470,2.344758056,14.96290333,41.75635408
3471,2.345086667,14.95896,41.45890493
3472,2.345334722,14.95598333,41.17131823
3473,2.345581389,14.95302333,37.4475157
3474,2.345829722,14.95004333,33.55087779
3475,2.34608,14.94704,32.13869466
3476,2.346413889,14.94303333,30.38010856
3477,2.346741389,14.93910333,35.2851027
3478,2.346988333,14.93614,38.83113858
3479,2.347235,14.93318,38.25478954
3480,2.347480833,14.93023,40.62888313
3481,2.347731389,14.92722333,44.0977906
3482,2.348061944,14.92325667,47.81648427
3483,2.348390278,14.91931667,51.80824994
3484,2.348638611,14.91633667,54.42391959
3485,2.348887222,14.91335333,55.04924785
3486,2.3491375,14.91035,50.96239511
3487,2.349388056,14.90734333,43.88109596
3488,2.349723889,14.90331333,36.45716114
3489,2.350058611,14.90070333,32.38303996
3490,2.350310556,14.90372667,25.00170337
3491,2.350560278,14.90672333,18.9012668
3492,2.350810556,14.90972667,19.67188766
3493,2.351060833,14.91273,20.54003934
3494,2.351391667,14.9167,21.42988611
3495,2.351719444,14.92063333,26.79948817
3496,2.351965556,14.92358667,28.02959
3497,2.352213889,14.92656667,27.60093841
3498,2.3524625,14.92955,26.52193168
3499,2.352713889,14.93256667,21.93079713
3500,2.35305,14.9366,17.34936672
3501,2.353379167,14.94055,19.6446336
3502,2.353625833,14.94351,23.40438074
3503,2.353875278,14.94650333,24.08218686
3504,2.354123056,14.94947667,24.73767213
3505,2.354368889,14.95242667,29.28893291
3506,2.354704167,14.95645,33.73377955
3507,2.355033889,14.96040667,30.48660944
3508,2.355284167,14.96341,28.76269842
3509,2.355533889,14.96640667,24.03186604
3510,2.355782222,14.96938667,23.56258984
3511,2.356031667,14.97238,26.68640735
3512,2.356369722,14.97643667,29.86240152
3513,2.3567025,14.98043,24.78541512
3514,2.3569525,14.98343,28.92647929
3515,2.357202778,14.98643333,24.73370043
3516,2.357453333,14.98944,23.10605935
3517,2.357701667,14.99242,24.50849398
3518,2.358036111,14.99643333,26.02052738
3519,2.358366389,15.00039667,27.2751809
3520,2.358614722,15.00337667,26.70286201
3521,2.358862222,15.00634667,28.68849485
3522,2.3591075,15.00929,28.93937607
3523,2.359352222,15.01222667,27.62184821
3524,2.359685833,15.01623,26.22253737
3525,2.360013611,15.02016333,27.05205289
3526,2.360261111,15.02313333,24.62320936
3527,2.360508333,15.0261,25.98312935
3528,2.360760278,15.02912333,26.69708356
3529,2.361007778,15.03209333,20.57232164
3530,2.361341111,15.03609333,14.48135386
3531,2.361666667,15.04,12.29956098
3532,2.361916944,15.04300333,14.22322652
3533,2.3621675,15.04601,16.66818059
3534,2.362418889,15.04902667,17.36498603
3535,2.362669167,15.05203,18.07601565
3536,2.362997222,15.05596667,18.79530618
3537,2.3633225,15.05987,16.84982958
3538,2.363571111,15.06285333,14.55220949
3539,2.363818611,15.06582333,11.29107132
3540,2.364068889,15.06882667,11.7868606
3541,2.364317778,15.07181333,6.107278723
3542,2.364655278,15.07586333,0.467659894
3543,2.364987222,15.07984667,8.130453629
3544,2.365231111,15.08277333,10.09792025
3545,2.365480556,15.08576667,12.66087979
3546,2.365728056,15.08873667,4.013743074
3547,2.365973056,15.09167667,2.902457335
3548,2.366310278,15.09572333,1.685794934
3549,2.366641111,15.09969333,6.709029165
3550,2.366888611,15.09866833,9.557714328
3551,2.367138333,15.09717,13.51620792
3552,2.367391111,15.09565333,16.82110198
3553,2.367640833,15.094155,17.65210159
3554,2.367975278,15.09214833,18.23513926
3555,2.368306667,15.09016,16.18388435
3556,2.368554444,15.08867333,17.22172028
3557,2.3688,15.0872,22.3419877
3558,2.369048889,15.08570667,24.89600475
3559,2.369301944,15.08418833,26.41908868
3560,2.369638056,15.08217167,27.98134693
3561,2.3699625,15.080225,33.79076377
3562,2.370211111,15.07873333,30.47165676
3563,2.370461389,15.07723167,31.9050771
3564,2.370708056,15.07575167,28.09095338
3565,2.370953056,15.07428167,30.57748034
3566,2.371281944,15.07230833,33.03273787
3567,2.371605278,15.07036833,33.9389708
3568,2.371855,15.06887,34.33838128
3569,2.372100556,15.06739667,38.2675502
3570,2.3723475,15.065915,37.21761047
3571,2.372595278,15.06442833,41.31167499
3572,2.372933889,15.06239667,45.17898097
3573,2.373262222,15.06042667,41.7380158
3574,2.37351,15.05894,45.53267338
3575,2.373759444,15.05744333,53.12793592
3576,2.374012222,15.05592667,57.23727799
3577,2.374264167,15.054415,60.54225459
3578,2.374601389,15.05239167,63.96288785
3579,2.374933333,15.0504,62.88319582
3580,2.375182778,15.04890333,59.87682111
3581,2.375432222,15.04740667,64.43004099
3582,2.3756825,15.045905,68.43898501
3583,2.375933889,15.04439667,66.96566387
3584,2.376268611,15.04238833,65.52670923
3585,2.376599167,15.040405,71.62133374
3586,2.376849444,15.03890333,71.8909716
3587,2.377098889,15.03740667,76.55256742
3588,2.377343611,15.03593833,79.91722128
3589,2.377593333,15.03444,82.55039514
3590,2.377931389,15.03241167,85.27032458
3591,2.378260278,15.03043833,87.31088101
3592,2.378506944,15.02895833,87.5550883
3593,2.378753889,15.02747667,83.40732613
3594,2.379002222,15.02598667,79.92024006
3595,2.379248333,15.02451,86.56828599
3596,2.379577222,15.02253667,93.17704149
3597,2.379903056,15.02058167,93.72629088
3598,2.380154444,15.01907333,97.17105749
3599,2.380400278,15.01759833,95.98412251
3600,2.38065,15.0161,95.32581613
3601,2.3809,15.0146,101.1564193
3602,2.381231111,15.01261333,106.8619765
3603,2.381559167,15.010645,110.5340998
3604,2.381805833,15.009165,114.2175046
3605,2.382055,15.00767,114.9471196
3606,2.382302778,15.00618333,105.8933357
3607,2.382554722,15.00467167,103.9497679
3608,2.382885,15.00269,101.5243569
3609,2.383206667,15.00076,98.5317402
3610,2.383456667,15.00074,93.52969855
3611,2.383706111,15.00223667,96.75471182
3612,2.383956667,15.00374,93.81336252
3613,2.384206944,15.00524167,92.03342794
3614,2.3845425,15.007255,90.4090726
3615,2.384869444,15.00921667,87.92696271
3616,2.385116111,15.01069667,85.8259981
3617,2.385365556,15.01219333,82.8235626
3618,2.385615833,15.013695,80.31118872
3619,2.385865278,15.01519167,73.15984522
3620,2.386198889,15.01719333,65.96024544
3621,2.386529444,15.01917667,67.79741792
3622,2.386776389,15.02065833,64.64170174
3623,2.387023889,15.02214333,63.16547647
3624,2.387275,15.02365,61.76036534
3625,2.387525,15.02515,65.03295615
3626,2.387860278,15.02716167,67.94133757
3627,2.388192778,15.02915667,65.04073948
3628,2.388440278,15.03064167,62.91533106
3629,2.388688611,15.03213167,57.45254306
3630,2.388936389,15.03361833,54.47661018
3631,2.389183333,15.0351,56.71002281
3632,2.389521944,15.03713167,59.15090679
3633,2.389851111,15.03910667,55.27096899
3634,2.390100556,15.04060333,58.37961886
3635,2.390348889,15.04209333,56.14165523
3636,2.3906025,15.043615,53.47163579
3637,2.3908525,15.045115,57.88630544
3638,2.391186944,15.04712167,62.1772459
3639,2.391515833,15.049095,64.91250328
3640,2.391766944,15.05060167,60.30368547
3641,2.392014167,15.052085,63.40186752
3642,2.3922625,15.053575,66.64147984
3643,2.392508333,15.05505,66.23263871
3644,2.392840556,15.05704333,65.64750651
3645,2.393167778,15.05900667,63.09132053
3646,2.393415556,15.06049333,58.42418856
3647,2.393663889,15.06198333,58.68817499
3648,2.393910556,15.06346333,52.95331164
3649,2.394156667,15.06494,49.17735108
3650,2.394497778,15.06698667,45.82174625
3651,2.39483,15.06898,44.04145555
3652,2.395081111,15.07048667,44.75227634
3653,2.395335556,15.07201333,46.27782603
3654,2.395586667,15.07352,48.20788356
3655,2.395835,15.07501,50.14800452
3656,2.396166111,15.07699667,51.80696431
3657,2.396490278,15.07894167,46.84992677
3658,2.396736389,15.08041833,48.60178458
3659,2.396980278,15.08188167,42.31583604
3660,2.397232222,15.08339333,42.1473191
3661,2.397483611,15.08490167,34.82128625
3662,2.397820556,15.08692333,27.5885698
3663,2.398152222,15.08891333,29.75926166
3664,2.3984,15.0904,30.41182931
3665,2.398647778,15.09188667,29.71219581
3666,2.398894722,15.09336833,27.07813914
3667,2.399144167,15.094865,20.56964481
3668,2.39948,15.09688,13.92047093
3669,2.399811111,15.09886667,14.67794863
3670,2.400059167,15.101065,16.66988593
3671,2.400306111,15.10551,23.10585948
3672,2.400553889,15.10997,29.57668596
3673,2.400808611,15.114555,29.43155134
3674,2.401144722,15.120605,29.03339856
3675,2.401470556,15.12647,22.41626215
3676,2.401716944,15.130905,20.03315655
3677,2.401963889,15.13535,27.70274629
3678,2.402210556,15.13979,30.12403355
3679,2.402465278,15.144375,32.69266623
3680,2.402806111,15.15051,35.16459163
3681,2.403134444,15.15642,38.24162617
3682,2.403384444,15.16092,34.37988812
3683,2.403635,15.16543,35.27621052
3684,2.403883611,15.169905,27.17085934
3685,2.404131111,15.17436,28.25124736
3686,2.404462778,15.18033,29.61190974
3687,2.404790833,15.186235,29.23863708
3688,2.405040278,15.190725,29.14544843
3689,2.405286944,15.195165,35.04337237
3690,2.405535556,15.19964,34.33295185
3691,2.405781389,15.204065,38.09337277
3692,2.406112222,15.21002,41.50410854
3693,2.406438056,15.215885,36.36080224
3694,2.406683333,15.2203,39.61238005
3695,2.406929167,15.224725,47.66882931
3696,2.4071775,15.229195,42.28630569
3697,2.407425,15.23365,41.84222256
3698,2.4077625,15.239725,41.4720578
3699,2.408093889,15.24569,44.22691036
3700,2.408338056,15.250085,40.85496089
3701,2.4085875,15.254575,37.19069327
3702,2.408840278,15.259125,37.82418385
3703,2.409089722,15.263615,40.51063293
3704,2.409425556,15.26966,43.22257336
3705,2.409754167,15.275575,49.66611529
3706,2.410003889,15.28007,52.5061896
3707,2.410249444,15.28449,53.83252697
3708,2.410496111,15.28893,55.0283239
3709,2.410742778,15.29337,55.54905037
3710,2.411076111,15.29937,55.93539719
3711,2.411403611,15.305265,58.63049356
3712,2.411651111,15.30972,58.9835965
3713,2.411898611,15.314175,61.19897717
3714,2.412149167,15.318685,63.86116425
3715,2.412400556,15.32321,70.37231597
3716,2.412733333,15.3292,77.09655452
3717,2.413059444,15.33507,76.1549707
3718,2.413308611,15.339555,74.67800038
3719,2.413559722,15.344075,76.50737823
3720,2.413807778,15.34854,77.67104667
3721,2.414056111,15.35301,82.25792076
3722,2.414386944,15.358965,86.50273405
3723,2.414712222,15.36482,90.46486912
3724,2.414958056,15.369245,93.90292734
3725,2.415207222,15.37373,92.61196979
3726,2.415456111,15.37821,87.33720101
3727,2.415704444,15.38268,88.42061465
3728,2.416038889,15.3887,89.44211196
3729,2.416370833,15.394675,89.35018478
3730,2.41662,15.39916,93.45153504
3731,2.416869444,15.40121667,97.21071204
3732,2.417121944,15.40273167,93.14701126
3733,2.417376389,15.40425833,91.65474104
3734,2.417713056,15.40627833,90.12979855
3735,2.418042778,15.40825667,86.99259637
3736,2.418290556,15.40974333,83.63607395
3737,2.418540833,15.411245,81.35027707
3738,2.418791944,15.41275167,79.0859746
3739,2.419041667,15.41425,81.59644657
3740,2.419384444,15.41630667,84.02547098
3741,2.419718333,15.41831,84.64451497
3742,2.419970833,15.419825,79.85920881
3743,2.420219444,15.42131667,78.37982728
3744,2.420466944,15.42280167,74.23916408
3745,2.420715556,15.42429333,73.14839169
3746,2.42105,15.4263,72.01765059
3747,2.421379722,15.42827833,71.15850375
3748,2.421628333,15.42977,69.12308283
3749,2.421876111,15.43125667,69.4122926
3750,2.422125278,15.43275167,69.00137003
3751,2.422379167,15.434275,68.61731346
3752,2.4227175,15.436305,68.24951426
3753,2.42305,15.4383,63.56595268
3754,2.423299722,15.43979833,63.8848615
3755,2.423549167,15.441295,61.18572699
3756,2.423797778,15.44278667,60.40142199
3757,2.424046944,15.44428167,66.84953016
3758,2.424385,15.44631,73.04954776
3759,2.424716667,15.4483,70.29087326
3760,2.424963611,15.44978167,66.83529507
3761,2.425215833,15.451295,68.24115428
3762,2.425466111,15.45279667,69.01309846
3763,2.4257125,15.454275,68.11800219
3764,2.426050556,15.45630333,67.25105861
3765,2.426380833,15.458285,66.03327608
3766,2.426628333,15.45977,64.53629359
3767,2.426876667,15.46126,60.69994784
3768,2.427127222,15.46276333,56.21253062
3769,2.427380278,15.46428167,53.43618466
3770,2.427712222,15.46627333,50.86992246
3771,2.428036667,15.46822,52.64774453
3772,2.428284722,15.46970833,47.89956665
3773,2.428532778,15.47119667,48.27203108
3774,2.428781389,15.47268833,48.93425276
3775,2.429028889,15.47417333,50.64294904
3776,2.429368611,15.47621167,51.94206551
3777,2.429701111,15.47820667,48.93514598
3778,2.429949722,15.47969833,52.25602907
3779,2.430199167,15.481195,48.2266153
3780,2.430448611,15.48269167,48.70404862
3781,2.430699167,15.484195,46.25751754
3782,2.431034444,15.48620667,43.86903291
3783,2.431365833,15.488195,41.67012284
3784,2.431615556,15.48969333,41.67345356
3785,2.431867778,15.49120667,41.28447429
3786,2.432116944,15.49270167,39.65799075
3787,2.432364167,15.494185,38.20010961
3788,2.432695556,15.49617333,36.9362106
3789,2.433022778,15.49813667,37.71529854
3790,2.433271111,15.49962667,41.85021611
3791,2.433522222,15.50113333,46.68364588
3792,2.433771111,15.50262667,48.55581596
3793,2.434024444,15.50414667,45.50958677
3794,2.434357778,15.50614667,42.0865624
3795,2.434684167,15.508105,39.80395201
3796,2.4349325,15.509595,37.22750289
3797,2.435181667,15.51109,44.33014511
3798,2.435432222,15.51259333,44.77625007
3799,2.43568,15.51408,40.5392934
3800,2.436015278,15.51609167,36.41358117
3801,2.436343333,15.51806,41.40315823
3802,2.436589167,15.519535,34.96850207
3803,2.436833889,15.52100333,33.18605206
3804,2.437083333,15.5225,30.25865236
3805,2.437334722,15.52400833,24.90916349
3806,2.437661944,15.52597167,19.57221415
3807,2.437988056,15.52792833,19.19706653
3808,2.4382375,15.529425,20.27456513
3809,2.438488611,15.53093167,25.94258056
3810,2.438737222,15.53242333,26.36891579
3811,2.438989444,15.53393667,26.09916487
3812,2.4393275,15.535965,25.8057687
3813,2.4396575,15.537945,24.09659369
3814,2.439904167,15.539425,25.31519069
3815,2.440155278,15.54093167,31.18491201
3816,2.440408611,15.54245167,26.6773007
3817,2.440658611,15.54395167,24.74742807
3818,2.440996667,15.54598,22.63265437
3819,2.441328611,15.54797167,23.14003071
3820,2.441578889,15.54947333,17.4653725
3821,2.441828333,15.55097,8.10842076
3822,2.442075,15.55245,5.270849569
3823,2.442326389,15.55395833,10.20644241
3824,2.44266,15.55596,15.52423695
3825,2.442985278,15.55791167,15.66050276
3826,2.443228889,15.55937333,15.79068968
3827,2.443472222,15.56083333,17.15707489
3828,2.443719167,15.562315,22.32163103
3829,2.443971389,15.56382833,22.40625215
3830,2.444303889,15.56582333,21.96578402
3831,2.444631111,15.56778667,22.43343409
3832,2.444879444,15.56927667,19.78681418
3833,2.445126111,15.57075667,20.39289558
3834,2.445378333,15.57227,22.60136456
3835,2.445626944,15.57376167,24.43356964
3836,2.445960278,15.57576167,26.41264369
3837,2.446288333,15.57773,24.00696534
3838,2.446539722,15.57923833,20.3679432
3839,2.446791944,15.58075167,18.9149551
3840,2.447041111,15.58224667,22.72244978
3841,2.447288889,15.58373333,22.45091172
3842,2.447628056,15.58576833,22.28786202
3843,2.447959444,15.58775667,25.83998564
3844,2.448211944,15.58927167,27.88306515
3845,2.448464167,15.590785,28.39286745
3846,2.448710833,15.592265,28.73650635
3847,2.448961111,15.59376667,27.55626381
3848,2.449298889,15.59579333,26.4589061
3849,2.449626389,15.59775833,25.17663194
3850,2.449872222,15.59923333,31.38771806
3851,2.450122222,15.60146667,33.58051316
3852,2.450372778,15.60447333,28.15675621
3853,2.4506225,15.60747,31.0445277
3854,2.450958333,15.6115,33.91916673
3855,2.451285833,15.61543,33.94310005
3856,2.451531667,15.61838,31.37374849
3857,2.451780833,15.62137,30.82051543
3858,2.452031389,15.62437667,29.0367002
3859,2.452278056,15.62733667,34.18177511
3860,2.452610833,15.63133,39.33367798
3861,2.452937778,15.63525333,45.33714709
3862,2.453186389,15.63823667,49.82600463
3863,2.453433611,15.64120333,50.50689998
3864,2.453681389,15.64417667,51.05916888
3865,2.453931111,15.64717333,47.46381669
3866,2.45427,15.65124,43.54196399
3867,2.454599722,15.65519667,40.75968369
3868,2.454848611,15.65818333,40.66221626
3869,2.455098056,15.66117667,45.82232189
3870,2.4553475,15.66417,47.69015412
3871,2.455594722,15.66713667,42.17933476
3872,2.455935833,15.67123,36.92464474
3873,2.456268333,15.67522,31.10801603
3874,2.456515,15.67818,30.80693481
3875,2.456763611,15.68116333,23.27275043
3876,2.457013056,15.68415667,23.13954702
3877,2.4572625,15.68715,31.05552356
3878,2.457599444,15.69119333,39.02075969
3879,2.457929722,15.69515667,36.7495575
3880,2.458177778,15.69813333,37.84147208
3881,2.458425556,15.70110667,39.70215966
3882,2.458673333,15.70408,42.09884427
3883,2.458921111,15.70705333,42.06149669
3884,2.4592525,15.71103,42.00001397
3885,2.459578889,15.71494667,45.01541418
3886,2.459822778,15.71787333,43.78076052
3887,2.460070278,15.72084333,43.72576123
3888,2.460318333,15.72382,48.85291516
3889,2.460568333,15.72682,52.58252135
3890,2.460901111,15.73081333,56.39597578
3891,2.461227222,15.73472667,57.60546484
3892,2.461475556,15.73770667,53.52262585
3893,2.461720833,15.74065,56.37171534
3894,2.461968333,15.74362,57.20967155
3895,2.462217778,15.74661333,60.2325582
3896,2.462550556,15.75060667,62.86095712
3897,2.462878611,15.75454333,64.08031734
3898,2.463126111,15.75751333,64.30277954
3899,2.463375278,15.76050333,66.7442484
3900,2.463623333,15.76348,66.90795327
3901,2.463870556,15.76644667,64.83517725
3902,2.464210556,15.77052667,62.93817815
3903,2.464540556,15.77448667,60.75990401
3904,2.46479,15.77748,60.43410688
3905,2.4650375,15.78045,57.20936773
3906,2.465284167,15.78341,57.0308582
3907,2.465531667,15.78638,60.68684769
3908,2.465866389,15.79039667,64.51332023
3909,2.466195278,15.79434333,63.13087922
3910,2.466443889,15.79732667,66.62017512
3911,2.466691389,15.8,69.01477698
3912,2.466938889,15.8,66.09450852
3913,2.467188611,15.8,65.42963592
3914,2.467523056,15.8,64.41836052
3915,2.467854444,15.8,64.42344371
3916,2.468100278,15.8,64.39978707
3917,2.468348056,15.8,65.90320278
3918,2.468595833,15.8,65.82148558
3919,2.468846944,15.8,62.56625509
3920,2.469181944,15.8,59.25877339
3921,2.469509444,15.8,65.73977987
3922,2.469756111,15.8,58.23338715
3923,2.470005556,15.8,57.35248728
3924,2.470253333,15.8,57.38217339
3925,2.470498333,15.8,54.69212005
3926,2.470831667,15.8,51.95343092
3927,2.471158889,15.8,54.52894409
3928,2.471408056,15.8,54.67574337
3929,2.471656667,15.8,57.18419333
3930,2.471905278,15.8,57.47282725
3931,2.472153611,15.8,56.80299566
3932,2.472487222,15.8,56.06567897
3933,2.472820556,15.8,54.23503825
3934,2.473070278,15.8,54.74528833
3935,2.473320556,15.8,59.87682631
3936,2.473565278,15.8,61.08105616
3937,2.473810278,15.8,59.93707463
3938,2.474147778,15.8,58.72198363
3939,2.474476389,15.8,59.04771566
3940,2.474723056,15.8,57.83598352
3941,2.474970833,15.8,52.53816467
3942,2.475219444,15.8,57.67123843
3943,2.475465278,15.8,60.56393894
3944,2.475799444,15.8,63.68885624
3945,2.476123889,15.8,59.6892838
3946,2.476368889,15.8,54.84764372
3947,2.476615833,15.8,59.78906444
3948,2.476861944,15.8,67.17139068
3949,2.477110833,15.8,70.20727349
3950,2.477436944,15.8,72.4090465
3951,2.477758611,15.8,74.52937356
3952,2.478007778,15.8,74.32475166
3953,2.478258333,15.8,69.38893335
3954,2.478506111,15.8,69.81255327
3955,2.478758333,15.8,68.70070267
3956,2.479090833,15.8,67.60340875
3957,2.479419722,15.8,65.6131934
3958,2.479666389,15.8,63.74520208
3959,2.479916111,15.8,62.55173478
3960,2.480164444,15.8,61.08455429
3961,2.480412222,15.8,58.97319741
3962,2.480748333,15.8,57.05421004
3963,2.4810775,15.8,60.58405244
3964,2.481322222,15.8,62.83844586
3965,2.481571389,15.8,65.25021087
3966,2.481819167,15.8,67.46379597
3967,2.482071389,15.8,67.37858362
3968,2.482410278,15.8,67.28058967
3969,2.482739722,15.8,69.63334539
3970,2.482988056,15.8,72.47385718
3971,2.483239444,15.8,75.26468259
3972,2.483488611,15.80186333,69.10595014
3973,2.483733889,15.80480667,71.31944219
3974,2.484063611,15.80876333,73.29739464
3975,2.484389722,15.81267667,72.53253256
3976,2.484636389,15.81563667,71.87618831
3977,2.484886944,15.81864333,71.71641655
3978,2.485137222,15.82164667,68.20599343
3979,2.485391944,15.82470333,66.97949279
3980,2.485724444,15.82869333,66.03785424
3981,2.486051667,15.83262,69.24304468
3982,2.486299444,15.83559333,74.9208864
3983,2.486548611,15.83858333,78.71178706
3984,2.486798333,15.84158,80.54228024
3985,2.487050556,15.84460667,77.47622504
3986,2.487386111,15.84863333,74.02066618
3987,2.487713056,15.85255667,69.09992739
3988,2.487964444,15.85557333,69.52201277
3989,2.4882125,15.85855,69.02730882
3990,2.488460278,15.86152333,66.46748687
3991,2.488710833,15.86453,60.06349938
3992,2.489048889,15.86858667,53.79254595
3993,2.489379722,15.87255667,49.02677118
3994,2.489628333,15.87554,48.16549245
3995,2.489880278,15.87856333,42.87106375
3996,2.49013,15.88156,42.93056258
3997,2.490383889,15.88460667,44.05576084
3998,2.490718333,15.88862,45.22442824
3999,2.491045278,15.89254333,47.24875302
4000,2.491293889,15.89552667,44.01040303
4001,2.491541667,15.8985,46.54575128
4002,2.4917925,15.90151,44.86743606
4003,2.492040278,15.90448333,44.33806131
4004,2.492373333,15.90848,43.77262139
4005,2.492701667,15.91242,44.7510394
4006,2.492952222,15.91542667,43.02444416
4007,2.493200833,15.91841,42.60749962
4008,2.493446944,15.92136333,46.48262085
4009,2.493694167,15.92433,48.63554889
4010,2.494028056,15.92833667,50.74855575
4011,2.494353333,15.93224,49.99812119
4012,2.494600556,15.93520667,43.41568816
4013,2.494849444,15.93819333,51.75557228
4014,2.495101389,15.94121667,53.96868941
4015,2.495350833,15.94421,54.37258788
4016,2.495681667,15.94818,54.65917455
4017,2.496008889,15.95210667,53.79814576
4018,2.4962575,15.95509,52.96082821
4019,2.496505833,15.95807,55.15550116
4020,2.496757222,15.96108667,54.30674235
4021,2.497008611,15.96410333,52.35220548
4022,2.497341944,15.96810333,50.51130185
4023,2.49767,15.97204,48.56362116
4024,2.497918333,15.97502,47.0944066
4025,2.498169167,15.97803,45.55371014
4026,2.498418611,15.98102333,42.90309087
4027,2.498667778,15.98401333,43.75311816
4028,2.498998333,15.98798,44.56572802
4029,2.499321111,15.99185333,44.07914319
4030,2.499571389,15.99485667,43.6338799
4031,2.4998225,15.99787,43.69948854
4032,2.500073056,16.00043833,40.64204966
4033,2.500318889,16.00191333,42.14157029
4034,2.500651667,16.00391,43.57374634
4035,2.500980556,16.00588333,44.43954088
4036,2.5012275,16.007365,43.09319682
4037,2.501481111,16.00888667,38.7508212
4038,2.501729722,16.01037833,39.1327648
4039,2.5019775,16.011865,38.36992942
4040,2.502317222,16.01390333,37.42488664
4041,2.502647778,16.01588667,37.97825942
4042,2.502894722,16.01736833,36.37408713
4043,2.503142222,16.01885333,36.53511897
4044,2.503388889,16.02033333,33.55693157
4045,2.503634722,16.02180833,35.91889462
4046,2.5039675,16.023805,38.45932174
4047,2.504294722,16.02576833,42.85255934
4048,2.504541944,16.02725167,46.17421944
4049,2.504788056,16.02872833,44.3022765
4050,2.505037222,16.03022333,43.56479871
4051,2.505286944,16.03172167,45.26699211
4052,2.505617778,16.03370667,46.7650202
4053,2.505948611,16.03569167,45.17038661
4054,2.506199722,16.03719833,47.3878968
4055,2.506449167,16.038695,51.99552862
4056,2.506700556,16.04020333,50.84558661
4057,2.50695,16.0417,51.89005009
4058,2.507279722,16.04367833,52.76436402
4059,2.507600833,16.045605,49.25383232
4060,2.507846389,16.04707833,50.36857249
4061,2.508095556,16.04857333,46.88113547
4062,2.508343611,16.05006167,51.65053977
4063,2.508591111,16.05154667,51.7448649
4064,2.508926389,16.05355833,51.92827397
4065,2.509256389,16.05553833,49.59754663
4066,2.509506667,16.05704,44.16837335
4067,2.509753056,16.05851833,41.77961319
4068,2.510002778,16.06001667,44.82332479
4069,2.5102525,16.061515,48.9716303
4070,2.510585556,16.06351333,52.64899876
4071,2.510911944,16.06547167,55.87900285
4072,2.511160556,16.06696333,58.80480901
4073,2.511411667,16.06847,57.13258319
4074,2.511658611,16.06995167,59.64002821
4075,2.511908889,16.07145333,61.21944906
4076,2.512244167,16.073465,62.85206198
4077,2.512571111,16.07542667,62.4645067
4078,2.512818889,16.07691333,61.09600055
4079,2.513067222,16.07840333,62.43241436
4080,2.513316111,16.07989667,63.82873063
4081,2.513562778,16.08137667,67.88179133
4082,2.513891667,16.08335,71.90633526
4083,2.514215278,16.08529167,70.58937284
4084,2.514467222,16.08680333,74.37167398
4085,2.514714167,16.088285,77.21886214
4086,2.514960833,16.089765,78.17886732
4087,2.515211111,16.09126667,80.61493041
4088,2.515550278,16.09330167,83.09746131
4089,2.515885278,16.09531167,87.67285849
4090,2.516133889,16.09680333,89.63011073
4091,2.5163825,16.098295,90.35624768
4092,2.516633611,16.09980167,90.22082399
4093,2.516885,16.10262,89.59031782
4094,2.5172175,16.10661,88.78592723
4095,2.5175475,16.11057,89.45919977
4096,2.517796389,16.11355667,89.18562649
4097,2.518045556,16.11654667,88.44219732
4098,2.518293056,16.11951667,84.43552784
4099,2.5185425,16.12251,81.99846881
4100,2.518876389,16.12651667,79.64549284
4101,2.519205833,16.13047,79.17418632
4102,2.519455278,16.13346333,81.12418404
4103,2.519702222,16.13642667,84.24193215
4104,2.51995,16.1394,83.93497514
4105,2.520196667,16.14236,84.14560307
4106,2.520533056,16.14639667,84.39819916
4107,2.520863611,16.15036333,76.6067132
4108,2.521112778,16.15335333,78.85085368
4109,2.5213625,16.15635,79.78770511
4110,2.521613056,16.15935667,79.80863597
4111,2.521862222,16.16234667,75.77828858
4112,2.522196389,16.16635667,71.6901407
4113,2.522526389,16.17031667,64.12587818
4114,2.522775,16.1733,66.37984029
4115,2.523023611,16.17628333,66.18067753
4116,2.523273056,16.17927667,67.72770143
4117,2.523524167,16.18229,66.05944167
4118,2.523864167,16.18637,64.16161226
4119,2.524199722,16.19039667,64.76665187
4120,2.524452778,16.19343333,61.84380942
4121,2.524699167,16.19639,63.8061613
4122,2.524948889,16.19938667,60.81664763
4123,2.525196667,16.20236,61.79974366
4124,2.525526389,16.20631667,62.85363408
4125,2.525851944,16.21022333,61.6308669
4126,2.526098333,16.21318,64.2413005
4127,2.526345,16.21614,58.83000046
4128,2.526593611,16.21912333,61.48970076
4129,2.526843056,16.22211667,61.23771451
4130,2.527173889,16.22608667,60.73536263
4131,2.527501667,16.23002,59.55968843
4132,2.527746667,16.23296,51.97222155
4133,2.527996111,16.23595333,58.60553564
4134,2.528242778,16.23891333,60.67100051
4135,2.528490556,16.24188667,60.72691997
4136,2.528828611,16.24594333,60.75716292
4137,2.529159444,16.24991333,57.98002987
4138,2.529407222,16.25288667,57.84366111
4139,2.529653611,16.25584333,57.31568822
4140,2.529899722,16.25879667,54.42325408
4141,2.530151944,16.26182333,54.07559401
4142,2.530490833,16.26589,53.75361764
4143,2.5308225,16.26987,51.54257863
4144,2.531071944,16.27286333,48.16189898
4145,2.531320556,16.27584667,50.78127616
4146,2.531571944,16.27886333,46.90556514
4147,2.531823889,16.28188667,46.11749515
4148,2.532158333,16.2859,45.2365938
4149,2.532485556,16.28982667,47.84278544
4150,2.532732778,16.29279333,45.52341434
4151,2.532979444,16.29575333,43.52764091
4152,2.533229167,16.29875,39.30722758
4153,2.533476111,16.30085667,38.95744036
4154,2.533809722,16.30285833,38.7890953
4155,2.534143056,16.30485833,43.94850894
4156,2.534395,16.30637,44.50407854
4157,2.534644444,16.30786667,42.1152422
4158,2.534895,16.30937,42.17065201
4159,2.535143611,16.31086167,38.45179808
4160,2.535479722,16.31287833,34.38684777
4161,2.535809722,16.31485833,34.12352929
4162,2.5360575,16.316345,34.01619219
4163,2.536308333,16.31785,34.49528549
4164,2.536558056,16.31934833,33.1228235
4165,2.5368075,16.320845,32.37135332
4166,2.537139722,16.32283833,31.76167057
4167,2.5374625,16.324775,34.78595884
4168,2.537714167,16.326285,40.73122036
4169,2.537966111,16.32779667,38.6172387
4170,2.538216389,16.32929833,38.9025874
4171,2.538465833,16.330795,43.61975259
4172,2.538802778,16.33281667,48.24114727
4173,2.539134722,16.33480833,49.07766063
4174,2.539383333,16.3363,48.34224423
4175,2.539630833,16.337785,50.37426763
4176,2.539879722,16.33927833,49.62445545
4177,2.5401325,16.340795,50.77800844
4178,2.540468056,16.34280833,51.61844211
4179,2.540797778,16.34478667,45.78271855
4180,2.541048333,16.34629,46.25914235
4181,2.541299167,16.347795,42.74007114
4182,2.541548056,16.34928833,44.64757311
4183,2.541795278,16.35077167,41.04015381
4184,2.542133333,16.3528,37.7514328
4185,2.542463611,16.35478167,34.63711672
4186,2.54271,16.35626,31.97976934
4187,2.542960556,16.35776333,25.08266601
4188,2.543210278,16.35926167,22.46169526
4189,2.543464167,16.360785,23.10487716
4190,2.5438,16.3628,23.38883503
4191,2.544128611,16.36477167,23.71233543
4192,2.544374167,16.366245,26.0424723
4193,2.544623611,16.36774167,27.795033
4194,2.544871111,16.36922667,30.99013809
4195,2.545119444,16.37071667,34.69402063
4196,2.545448611,16.37269167,38.68934027
4197,2.545773333,16.37464,38.02129428
4198,2.546022778,16.37613667,33.99508186
4199,2.546273056,16.37763833,37.21147464
4200,2.546520556,16.37912333,43.50410159
4201,2.5467725,16.380635,48.63374713
4202,2.547103611,16.38262167,53.40260259
4203,2.547427778,16.38456667,49.69748606
4204,2.547673611,16.38604167,52.52395327
4205,2.547925,16.38755,55.14325955
4206,2.548176944,16.38906167,55.83221895
4207,2.548424722,16.39054833,56.28471958
4208,2.548761944,16.39257167,56.82906438
4209,2.549089722,16.39453833,59.73128689
4210,2.549335556,16.39601333,60.55251077
4211,2.549586111,16.39751667,59.84460216
4212,2.549839167,16.399035,58.96424949
4213,2.550086667,16.40052,59.45290681
4214,2.550424722,16.40254833,60.07658099
4215,2.550757222,16.40454333,61.47971492
4216,2.551006111,16.40603667,61.55170156
4217,2.551259167,16.407555,59.69003016
4218,2.551506111,16.40903667,56.84922974
4219,2.551754444,16.41052667,51.55380063
4220,2.552086944,16.41252167,46.45574076
4221,2.552416111,16.41449667,47.51978991
4222,2.552663611,16.41598167,52.29673699
4223,2.552912778,16.41747667,52.87192553
4224,2.553159722,16.41895833,51.2927674
4225,2.553404722,16.42042833,53.93126203
4226,2.553739167,16.422435,56.36845678
4227,2.554068333,16.42441,53.66671541
4228,2.554319167,16.425915,59.97639564
4229,2.554566944,16.42740167,59.55831808
4230,2.554815278,16.42889167,65.6115659
4231,2.555065,16.43039,67.14602803
4232,2.555396667,16.43238,68.5055328
4233,2.555722778,16.43433667,62.78497228
4234,2.555971111,16.43582667,65.48768338
4235,2.556220556,16.43732333,66.77150076
4236,2.556468333,16.43881,64.54452285
4237,2.556716667,16.4403,64.11912666
4238,2.557050278,16.44230167,63.56308375
4239,2.557379167,16.444275,65.2189085
4240,2.557628611,16.44577167,66.76654623
4241,2.557879167,16.447275,67.1384694
4242,2.558130556,16.44878333,63.78422967
4243,2.558379722,16.45027833,64.51277556
4244,2.5587225,16.452335,65.31902884
4245,2.559048889,16.45429333,69.92002839
4246,2.559297222,16.45578333,67.46270276
4247,2.559546667,16.45728,64.67348942
4248,2.559793611,16.45876167,67.58798541
4249,2.560044722,16.46026833,68.28861487
4250,2.560379167,16.462275,68.72621808
4251,2.560706667,16.46424,67.72960548
4252,2.560956667,16.46574,64.84147449
4253,2.561206389,16.46723833,62.78770105
4254,2.561454444,16.46872667,64.14801936
4255,2.561699722,16.47019833,67.85173121
4256,2.562034167,16.472205,71.54965178
4257,2.562364722,16.47418833,73.53202737
4258,2.562610833,16.475665,76.55406295
4259,2.56286,16.47716,78.08374634
4260,2.563112222,16.47867333,75.64497971
4261,2.563365278,16.48019167,75.78949576
4262,2.563696389,16.48217833,75.70165406
4263,2.564026111,16.48415667,75.00516574
4264,2.564275556,16.48565333,75.81449916
4265,2.564523056,16.48713833,76.50283559
4266,2.56477,16.48862,80.17172416
4267,2.565016389,16.49009833,79.1239037
4268,2.565349167,16.492095,78.08221923
4269,2.565677222,16.49406333,78.0200793
4270,2.565924722,16.49554833,75.30767136
4271,2.5661725,16.497035,70.75790656
4272,2.56642,16.49852,70.15480348
4273,2.566672222,16.50003333,68.53131805
4274,2.567001111,16.50200667,67.1822433
4275,2.567323611,16.50394167,73.74544582
4276,2.567570278,16.50542167,78.17220137
4277,2.567814444,16.50688667,79.9150457
4278,2.568061944,16.50837167,79.60576878
4279,2.568310556,16.50986333,79.69523414
4280,2.568649444,16.51189667,79.45318626
4281,2.568978611,16.51387167,73.2698378
4282,2.569224167,16.515345,73.4632514
4283,2.569471944,16.51683167,73.7186457
4284,2.569718611,16.51831167,75.70103945
4285,2.569968056,16.51980833,71.48362837
4286,2.570304444,16.52182667,67.18047514
4287,2.570630556,16.52378333,70.51455281
4288,2.570880278,16.52528167,73.78808587
4289,2.571129167,16.526775,74.10542288
4290,2.571378889,16.52827333,74.46870835
4291,2.571628056,16.52976833,80.99928913
4292,2.571966389,16.53179833,87.5114488
4293,2.5723,16.5338,87.18983229
4294,2.572546667,16.53528,84.96202639
4295,2.572793333,16.53676,84.48690768
4296,2.573038056,16.53822833,77.61710243
4297,2.573285833,16.539715,79.17880641
4298,2.573615833,16.541695,80.81950323
4299,2.573940833,16.543645,80.60026637
4300,2.5741875,16.545125,81.57179705
4301,2.5744325,16.546595,80.7506538
4302,2.5746775,16.548065,82.89535586
4303,2.574930278,16.54958167,83.0084195
4304,2.575268889,16.55161333,82.93218841
4305,2.575600278,16.55360167,78.73361072
4306,2.575848889,16.55509333,76.81190688
4307,2.5761,16.5566,76.01924027
4308,2.576350556,16.55810333,73.53154597
4309,2.576597222,16.55958333,67.59232508
4310,2.5769325,16.561595,61.46028806
4311,2.577263333,16.56358,58.24720939
4312,2.577511111,16.56506667,55.38209334
4313,2.577762222,16.56657333,54.92458336
4314,2.578008056,16.56804833,54.72153459
4315,2.578255556,16.56953333,53.50186003
4316,2.578593889,16.57156333,52.49821057
4317,2.5789275,16.573565,51.81895159
4318,2.579176667,16.57506,47.04571961
4319,2.579424444,16.57654667,46.75007535
4320,2.579671944,16.57803167,50.17974977
4321,2.579923333,16.57954,50.18955899
4322,2.580260278,16.58156167,49.98206614
4323,2.580588611,16.58353167,45.77986383
4324,2.580835,16.58501,46.86845195
4325,2.581084722,16.58650833,47.53833573
4326,2.581331389,16.58798833,46.80833913
4327,2.581576944,16.58946167,46.3432853
4328,2.581911667,16.59147,45.84255653
4329,2.582240278,16.59344167,47.48738697
4330,2.582491111,16.59494667,46.28852344
4331,2.582738611,16.59643167,45.36625819
4332,2.582986944,16.59792167,40.56298369
4333,2.583235556,16.59941333,43.7276308
4334,2.583568889,16.60141333,46.8094886
4335,2.583896944,16.60338167,48.12055085
4336,2.584141944,16.60485167,49.82571151
4337,2.584388611,16.60633167,46.17157371
4338,2.584636389,16.60781833,46.05990705
4339,2.584883333,16.6093,38.38168871
4340,2.585218611,16.61131167,31.02807069
4341,2.585547222,16.61328333,31.29411253
4342,2.585796111,16.61477667,34.99523594
4343,2.5860475,16.616285,32.11606461
4344,2.586295833,16.617775,30.42245794
4345,2.586545278,16.61927167,29.87153338
4346,2.586886944,16.62132167,29.09203052
4347,2.587219444,16.62331667,29.18115899
4348,2.587468056,16.62480833,30.59928527
4349,2.587719167,16.626315,22.6682943
4350,2.587969444,16.62781667,24.30508488
4351,2.588219444,16.62931667,28.22533831
4352,2.588553333,16.63132,32.26060723
4353,2.588881389,16.63328833,34.14328622
4354,2.589129167,16.634775,38.18170866
4355,2.589375,16.63625,42.16359028
4356,2.589619722,16.63771833,38.93026047
4357,2.589865833,16.639195,40.33985227
4358,2.590201111,16.64120667,41.20007829
4359,2.59053,16.64318,41.27574152
4360,2.590781111,16.64468667,44.05494198
4361,2.5910325,16.646195,44.58057296
4362,2.591281111,16.64768667,43.65997937
4363,2.591527778,16.64916667,43.20178221
4364,2.591859444,16.65115667,43.01366557
4365,2.592187222,16.65312333,45.91695125
4366,2.592435278,16.65461167,39.3481272
4367,2.592681944,16.65609167,40.05969704
4368,2.592928333,16.65757,37.6603188
4369,2.593177222,16.65906333,34.21434929
4370,2.593510833,16.661065,30.75856352
4371,2.593836944,16.66302167,28.86101598
4372,2.594082778,16.66449667,28.30619044
4373,2.594329444,16.66597667,25.08240633
4374,2.594578056,16.66746833,25.33942384
4375,2.594828333,16.66897,25.76139209
4376,2.595164444,16.67098667,26.20228646
4377,2.595495278,16.67297167,27.56858086
4378,2.595742778,16.67445667,30.70869221
4379,2.595985833,16.675915,35.20938597
4380,2.596233333,16.6774,34.95505899
4381,2.596481111,16.67888667,33.31738108
4382,2.596819444,16.68091667,31.3618763
4383,2.59715,16.6829,32.47467382
4384,2.597395833,16.684375,33.31813041
4385,2.597642778,16.68585667,31.11883617
4386,2.597891111,16.68734667,35.23108979
4387,2.598145278,16.68887167,36.0171428
4388,2.598484444,16.69090667,36.70307502
4389,2.598815,16.69289,37.42134531
4390,2.599061389,16.69436833,35.41551771
4391,2.599309167,16.695855,32.70967009
4392,2.5995575,16.697345,35.8529465
4393,2.599805278,16.69883167,31.55398343
4394,2.6001425,16.70171,27.69731401
4395,2.600474167,16.70569,30.79463426
4396,2.600725278,16.70870333,35.04061799
4397,2.600974167,16.71169,35.96229525
4398,2.601220833,16.71465,34.81797756
4399,2.601474167,16.71769,38.02108264
4400,2.601812778,16.72175333,41.17392152
4401,2.602143611,16.72572333,36.69907616
4402,2.602392222,16.72870667,33.18497992
4403,2.602641667,16.7317,36.09585136
4404,2.602889167,16.73467,36.75480267
4405,2.603137778,16.73765333,36.36951261
4406,2.603468611,16.74162333,35.62352888
4407,2.603795,16.74554,44.1745378
4408,2.604045,16.74854,42.01899607
4409,2.604292778,16.75151333,46.04153709
4410,2.604542222,16.75450667,48.86530235
4411,2.604793611,16.75752333,50.70067557
4412,2.605130833,16.76157,52.60288233
4413,2.605459444,16.76551333,54.00008673
4414,2.605708056,16.76849667,52.72973315
4415,2.6059575,16.77149,53.4315331
4416,2.606210833,16.77453,50.20192675
4417,2.60646,16.77752,55.26913131
4418,2.606796667,16.78156,60.36785487
4419,2.607123889,16.78548667,62.87775981
4420,2.607372222,16.78846667,65.54340677
4421,2.607617778,16.79141333,62.86502974
4422,2.607871111,16.79445333,65.29190145
4423,2.608122222,16.79746667,68.37511084
4424,2.608461389,16.80153667,71.54795613
4425,2.608791944,16.80550333,72.37560476
4426,2.609040556,16.80848667,74.42690092
4427,2.609287222,16.81144667,78.44873381
4428,2.609535833,16.81443,75.84141312
4429,2.609785278,16.81742333,75.29930299
4430,2.610114167,16.82137,74.51039777
4431,2.610439444,16.82527333,72.46857256
4432,2.610686111,16.82823333,73.42239459
4433,2.610931111,16.83117333,72.16931722
4434,2.611178056,16.83413667,73.39677784
4435,2.611428889,16.83714667,72.51908661
4436,2.611765556,16.84118667,71.45491105
4437,2.612098056,16.84517667,69.04476092
4438,2.61235,16.8482,69.93955954
4439,2.612601389,16.85121667,69.67913222
4440,2.612849722,16.85419667,68.74370837
4441,2.613099444,16.85719333,70.02376524
4442,2.613438611,16.86126333,71.42372922
4443,2.613769167,16.86523,69.02996619
4444,2.614016667,16.8682,66.98181528
4445,2.614262778,16.87115333,65.06996223
4446,2.614508333,16.8741,64.28478018
4447,2.614760556,16.87712667,64.73162735
4448,2.615097778,16.88117333,65.09187907
4449,2.615426667,16.88512,68.3809157
4450,2.6156725,16.88807,66.50951587
4451,2.615921389,16.89105667,66.56332158
4452,2.616167778,16.89401333,62.45743873
4453,2.616417222,16.89700667,68.45929662
4454,2.616750833,16.900505,74.30319295
4455,2.617075278,16.90245167,78.90994575
4456,2.617321944,16.90393167,85.98732778
4457,2.617573889,16.90544333,85.44333529
4458,2.617824167,16.906945,89.30428234
4459,2.618071944,16.90843167,87.69338133
4460,2.618405833,16.910435,86.35996582
4461,2.618734722,16.91240833,90.52402091
4462,2.618982778,16.91389667,93.91529027
4463,2.61923,16.91538,94.43973299
4464,2.619479444,16.91687667,98.77447395
4465,2.619730278,16.91838167,99.09420939
4466,2.620066944,16.92040167,99.2701911
4467,2.620391111,16.92234667,97.28567935
4468,2.620640833,16.923845,99.24516507
4469,2.620890278,16.92534167,96.6908283
4470,2.621139167,16.926835,95.2280482
4471,2.621385278,16.92831167,99.42013111
4472,2.621718611,16.93031167,103.7148318
4473,2.622049444,16.93229667,109.3759525
4474,2.622299722,16.93379833,117.5296417
4475,2.622547778,16.93528667,121.8906598
4476,2.622797778,16.93678667,122.9932682
4477,2.623045556,16.93827333,127.777397
4478,2.623384722,16.94030833,132.1288931
4479,2.623716389,16.94229833,132.3963338
4480,2.623965833,16.943795,135.1403345
4481,2.624211667,16.94527,134.4478669
4482,2.624463611,16.94678167,140.4960782
4483,2.624712222,16.94827333,140.1400727
4484,2.625050556,16.95030333,139.992669
4485,2.625385,16.95231,141.5993909
4486,2.625636667,16.95382,140.8162194
4487,2.625883333,16.9553,146.8536688
4488,2.626135556,16.95681333,143.8829075
4489,2.626385278,16.95831167,136.8614147
4490,2.626720833,16.960325,129.972117
4491,2.627048889,16.96229333,132.3973248
4492,2.627296389,16.96377833,135.315541
4493,2.627543056,16.96525833,135.7360022
4494,2.627793333,16.96676,136.5750784
4495,2.628041667,16.96825,134.8819873
4496,2.628381667,16.97029,133.1788848
4497,2.628714167,16.972285,137.9683111
4498,2.628963056,16.97377833,142.0188803
4499,2.629210556,16.97526333,141.9520435
4500,2.629457222,16.97674333,138.973089
4501,2.629703333,16.97822,136.0635957
4502,2.6300375,16.980225,133.037355
4503,2.630368333,16.98221,136.0910506
4504,2.630613056,16.98367833,135.7294078
4505,2.63086,16.98516,133.4515024
4506,2.631110278,16.98666167,135.7401693
4507,2.631357778,16.98814667,134.9460854
4508,2.631695833,16.990175,134.1428986
4509,2.632026667,16.99216,133.1651284
4510,2.632275278,16.99365167,131.8174937
4511,2.632523889,16.99514333,128.4510869
4512,2.6327725,16.996635,130.1117665
4513,2.633018056,16.99810833,130.2131001
4514,2.633350833,17.000105,130.3773902
4515,2.633677222,17.00206333,128.2967193
4516,2.633926389,17.00355833,125.6647263
4517,2.634175833,17.005055,124.6062045
4518,2.634423333,17.00654,118.662027
4519,2.634671111,17.00802667,119.0105786
4520,2.635001667,17.01001,119.5886173
4521,2.63533,17.01198,118.1294082
4522,2.6355775,17.013465,113.683695
4523,2.635825833,17.014955,118.9686018
4524,2.636073056,17.01643833,119.0071153
4525,2.636321111,17.01792667,119.0616751
4526,2.63666,17.01996,118.8846784
4527,2.636992222,17.02195333,125.0009454
4528,2.637238889,17.02343333,115.1640527
4529,2.637485556,17.02491333,116.8423581
4530,2.637733889,17.02640333,119.0187951
4531,2.637982222,17.02789333,114.9753588
4532,2.638317778,17.02990667,110.7576362
4533,2.638645833,17.031875,108.1368227
4534,2.638894722,17.03336833,104.6943565
4535,2.639143889,17.03486333,106.129449
4536,2.639394167,17.036365,103.6108368
4537,2.63964,17.03784,105.0713882
4538,2.639973333,17.03984,106.8963493
4539,2.640298611,17.04179167,109.5257435
4540,2.640549167,17.043295,111.7458747
4541,2.640798889,17.04479333,103.2446053
4542,2.641045556,17.04627333,102.4380413
4543,2.641291389,17.04774833,102.2521874
4544,2.641625278,17.04975167,102.0970286
4545,2.641952778,17.05171667,103.1834126
4546,2.642204722,17.05322833,99.35612192
4547,2.642457222,17.05474333,95.38925529
4548,2.642706389,17.05623833,88.9253459
4549,2.642953333,17.05772,89.61616627
4550,2.643283056,17.05969833,90.24939499
4551,2.64361,17.06166,90.73007746
4552,2.643858056,17.06314833,92.43941258
4553,2.644108333,17.06465,92.30419108
4554,2.644356111,17.06613667,92.21907871
4555,2.644607222,17.06764333,94.1682561
4556,2.6449425,17.069655,95.95796677
4557,2.645270556,17.07162333,93.31057256
4558,2.645518333,17.07311,94.23958252
4559,2.645766667,17.0746,92.02140732
4560,2.646015278,17.07609167,88.49776758
4561,2.646262222,17.07757333,86.39289932
4562,2.646594444,17.07956667,84.39413711
4563,2.6469225,17.081535,82.25888639
4564,2.647173056,17.08303833,74.67778157
4565,2.647420556,17.08452333,68.76322384
4566,2.647668333,17.08601,65.12855356
4567,2.647917778,17.08750667,61.46684897
4568,2.648249444,17.08949667,57.82537397
4569,2.648573611,17.09144167,58.93133307
4570,2.648821389,17.09292833,52.98771235
4571,2.649068889,17.09441333,44.66898438
4572,2.649314722,17.09588833,41.42407559
4573,2.649563889,17.09738333,41.92758208
4574,2.649899444,17.09939667,42.54113914
4575,2.650224722,17.10134833,41.08010681
4576,2.650471667,17.10283,45.91754598
4577,2.650723889,17.10434333,44.12248161
4578,2.650975278,17.10585167,40.93780577
4579,2.651226111,17.10735667,39.5734864
4580,2.651557778,17.10934667,38.33090152
4581,2.651886667,17.11132,36.21615586
4582,2.652135278,17.11281167,35.42864872
4583,2.652383889,17.11430333,35.66783591
4584,2.652629722,17.11577833,31.55885697
4585,2.652879167,17.117275,24.96741935
4586,2.653219444,17.11931667,18.37758617
4587,2.653548056,17.12128833,19.55206123
4588,2.653795833,17.122775,16.36621465
4589,2.654045278,17.12427167,13.57689714
4590,2.654291667,17.12575,12.47456167
4591,2.654535833,17.127215,12.42858457
4592,2.654873333,17.12924,12.56037227
4593,2.655204722,17.13122833,13.54657413
4594,2.655453056,17.13271833,19.05310416
4595,2.655701667,17.13421,19.28808657
4596,2.655952222,17.13571333,17.72494287
4597,2.656203333,17.13722,17.52152271
4598,2.656541389,17.13924833,17.48430704
4599,2.656871389,17.14122833,17.27920397
4600,2.657119722,17.14271833,13.97739578
4601,2.657370278,17.14422167,9.902266866
4602,2.657618889,17.14571333,12.34629536
4603,2.657868889,17.14721333,10.27736072
4604,2.658206111,17.14923667,8.343698891
4605,2.658536944,17.15122167,11.54349193
4606,2.658785833,17.152715,12.79709577
4607,2.659038056,17.15422833,19.97411297
4608,2.659286389,17.15571833,19.07356466
4609,2.659532222,17.15719333,14.38259803
4610,2.6598675,17.159205,10.00690333
4611,2.660196389,17.16117833,12.96977542
4612,2.6604425,17.162655,14.81269362
4613,2.66069,17.16414,17.25498339
4614,2.6609375,17.165625,18.61122438
4615,2.661183333,17.1671,18.88206375
4616,2.6615175,17.169105,18.96069523
4617,2.661850278,17.17110167,24.22392735
4618,2.662098889,17.17259333,28.75666878
4619,2.662346389,17.17407833,26.8684607
4620,2.662591389,17.17554833,22.9072292
4621,2.662838333,17.17703,19.80970643
4622,2.663168611,17.17901167,16.8578431
4623,2.663496111,17.18097667,17.4600277
4624,2.6637425,17.182455,18.90051183
4625,2.663992778,17.18395667,18.45817992
4626,2.664242778,17.18545667,18.65691948
4627,2.664491111,17.18694667,19.71108275
4628,2.664829444,17.18897667,21.15947832
4629,2.665161111,17.19096667,21.7376514
4630,2.665406667,17.19244,20.1435208
4631,2.665653611,17.19392167,15.69031703
4632,2.665901944,17.19541167,12.07896362
4633,2.666149444,17.19689667,13.9130479
4634,2.666490556,17.19894333,15.73864834
4635,2.666821944,17.20093167,12.20527974
4636,2.667068889,17.20241333,8.079455279
4637,2.667316111,17.20389667,8.587638145
4638,2.667565,17.20539,4.474262806
4639,2.667814444,17.20688667,6.61548095
4640,2.668148611,17.20889167,8.994983764
4641,2.668475833,17.210855,8.32664691
4642,2.668720833,17.212325,8.531428238
4643,2.668967778,17.21380667,14.88777724
4644,2.669216944,17.21530167,14.18519356
4645,2.669468056,17.21680833,14.99061081
4646,2.669799722,17.21879833,15.61835243
4647,2.670128056,17.22076833,19.64544457
4648,2.670378333,17.22227,15.16067226
4649,2.670627778,17.22376667,18.34955806
4650,2.670876111,17.22525667,21.45646021
4651,2.671126667,17.22676,20.23997819
4652,2.671463056,17.22877833,19.08192453
4653,2.671789444,17.23073667,17.44753341
4654,2.672038333,17.23223,15.67481449
4655,2.672288056,17.23372833,19.81959705
4656,2.672535556,17.23521333,15.58308766
4657,2.672784444,17.23670667,15.3249957
4658,2.673114722,17.23868833,15.62966296
4659,2.673443056,17.24065833,20.43928707
4660,2.673691667,17.24215,23.92981638
4661,2.673937222,17.24362333,23.5462371
4662,2.674186111,17.24511667,24.46228254
4663,2.674433611,17.24660167,26.40569284
4664,2.674776111,17.24865667,28.05933561
4665,2.675111389,17.25066833,28.53406875
4666,2.6753575,17.252145,30.98438885
4667,2.675603056,17.25361833,27.70064077
4668,2.675848056,17.25508833,29.34125059
4669,2.676095,17.25657,30.62225522
4670,2.676431944,17.25859167,32.09767522
4671,2.676760556,17.26056333,38.06848259
4672,2.677006667,17.26204,42.9318812
4673,2.677259444,17.26355667,44.80355678
4674,2.677507222,17.26504333,47.28823273
4675,2.677756667,17.26654,49.84588948
4676,2.678093889,17.26856333,52.4968425
4677,2.678424722,17.27054833,55.35672917
4678,2.678674444,17.27204667,59.00177984
4679,2.678926389,17.27355833,59.70161627
4680,2.679175833,17.275055,61.39662277
4681,2.679424444,17.27654667,65.18872081
4682,2.679758889,17.27855333,69.05931573
4683,2.680087778,17.28052667,70.28135371
4684,2.680334167,17.282005,71.46465218
4685,2.680584722,17.28350833,74.58643126
4686,2.680835278,17.28501167,76.07573426
4687,2.6810875,17.286525,75.75690013
4688,2.681426389,17.28855833,75.34746643
4689,2.681755278,17.29053167,75.8653942
4690,2.682001389,17.29200833,74.42826527
4691,2.682250556,17.29350333,68.42473037
4692,2.682499167,17.294995,71.28859339
4693,2.682746111,17.29647667,72.23892291
4694,2.6830775,17.298465,73.33770004
4695,2.68341,17.30046,75.89891376
4696,2.683660278,17.30196167,82.51629459
4697,2.683909167,17.303455,84.73003569
4698,2.684156667,17.30494,85.31892045
4699,2.684404444,17.30642667,87.59673565
4700,2.6847425,17.308455,89.98751065
4701,2.685077778,17.31046667,88.94890686
4702,2.685326389,17.31195833,88.47131862
4703,2.685574722,17.31344833,89.21751829
4704,2.685826667,17.31496,82.4826807
4705,2.686079444,17.31647667,75.58305048
4706,2.686413889,17.31848333,68.93011229
4707,2.68674,17.32044,73.26029518
4708,2.686991111,17.32194667,68.23808278
4709,2.687239722,17.32343833,67.37857378
4710,2.687489167,17.324935,69.81581216
4711,2.687736667,17.32642,69.85930509
4712,2.688073889,17.32844333,69.43292645
4713,2.688403611,17.33042167,67.59888273
4714,2.688651667,17.33191,71.81076089
4715,2.688897778,17.33338667,74.58216206
4716,2.689148333,17.33489,73.92016323
4717,2.689395278,17.33637167,74.55192081
4718,2.689725833,17.338355,75.31759312
4719,2.690049444,17.34029667,75.41366477
4720,2.690298056,17.34178833,70.23044971
4721,2.690548333,17.34329,66.15925852
4722,2.6907975,17.344785,70.09582444
4723,2.6910425,17.346255,68.99039931
4724,2.691382222,17.34829333,68.06155897
4725,2.691715,17.35029,67.11451199
4726,2.691964444,17.35178667,68.67011176
4727,2.692213889,17.35328333,71.84223526
4728,2.692463611,17.35478167,72.17890499
4729,2.692713611,17.35628167,71.35355473
4730,2.693051944,17.35831167,70.5707186
4731,2.693378056,17.36026833,73.07785024
4732,2.693626389,17.36175833,71.92505988
4733,2.693870833,17.363225,74.79736481
4734,2.694118333,17.36471,77.32941061
4735,2.694367778,17.36620667,81.87945235
4736,2.694701944,17.36821167,85.74663766
4737,2.695032778,17.37019667,85.38516862
4738,2.695280278,17.37168167,86.49406084
4739,2.695526389,17.37315833,85.19084054
4740,2.695775556,17.37465333,85.96711584
4741,2.6960225,17.376135,86.32652439
4742,2.696356111,17.37813667,86.84714307
4743,2.696683056,17.38009833,83.21682907
4744,2.696929167,17.381575,81.26525903
4745,2.697179444,17.38307667,80.46228893
4746,2.697428056,17.38456833,79.51027376
4747,2.6976775,17.386065,81.51250575
4748,2.698012778,17.38807667,83.7491221
4749,2.698341667,17.39005,84.48488449
4750,2.6985875,17.391525,84.48755763
4751,2.698834167,17.393005,83.34142617
4752,2.699084444,17.39450667,77.99724953
4753,2.699334722,17.39600833,74.31479317
4754,2.699664444,17.39798667,70.39006576
4755,2.6999875,17.399925,67.49118895
4756,2.700236944,17.40284333,68.55142635
4757,2.7004825,17.40579,65.07918271
4758,2.700731667,17.40878,64.2654157
4759,2.700979444,17.41175333,62.93837997
4760,2.701313889,17.41576667,61.69941737
4761,2.701643611,17.41972333,62.62990375
4762,2.701892222,17.42270667,61.6839444
4763,2.7021425,17.42571,61.90529433
4764,2.702394167,17.42873,58.86205829
4765,2.7026425,17.43171,56.85929509
4766,2.702976944,17.43572333,54.53241519
4767,2.703304167,17.43965,55.38648786
4768,2.703553611,17.44264333,52.82397778
4769,2.703802222,17.44562667,55.8315815
4770,2.704048611,17.44858333,57.05136497
4771,2.704295556,17.45154667,55.32666274
4772,2.704628333,17.45554,53.70336444
4773,2.704956944,17.45948333,55.72437656
4774,2.705203056,17.46243667,54.32819725
4775,2.705451111,17.46541333,51.22710331
4776,2.705701667,17.46842,49.33085699
4777,2.705950556,17.47140667,49.05310392
4778,2.70628,17.47536,48.93374039
4779,2.706606389,17.47927667,49.74132441
4780,2.706859444,17.48231333,49.89185138
4781,2.707108333,17.4853,52.28942455
4782,2.707355833,17.48827,53.3761786
4783,2.7076025,17.49123,54.7642927
4784,2.707940278,17.49528333,55.75048968
4785,2.708273889,17.49928667,54.51715893
4786,2.708522778,17.50227333,57.9690007
4787,2.708774722,17.50529667,55.3809266
4788,2.709025278,17.50830333,54.34186192
4789,2.709274722,17.51129667,52.62735308
4790,2.709608889,17.51530667,51.05998552
4791,2.709936389,17.51923667,54.57590754
4792,2.710184722,17.52221667,57.77816235
4793,2.710431944,17.52518333,55.1153293
4794,2.71068,17.52816,54.19971771
4795,2.710927778,17.53113333,53.49607541
4796,2.711272778,17.53527333,52.63452519
4797,2.71161,17.53932,52.25151119
4798,2.711861389,17.54233667,52.04613852
4799,2.712111667,17.54534,51.28478315
4800,2.712364167,17.54837,48.66396204
4801,2.712610833,17.55133,52.28271633
4802,2.712938611,17.55526333,56.0795477
4803,2.713265556,17.55918667,55.75056717
4804,2.713515,17.56218,59.57138638
4805,2.71376,17.56512,61.61756217
4806,2.714008611,17.56810333,63.36373568
4807,2.714256389,17.57107667,61.47895606
4808,2.714595278,17.57514333,59.35701586
4809,2.714925,17.5791,54.45798845
4810,2.715170833,17.58205,49.98048505
4811,2.715417778,17.58501333,50.1284445
4812,2.715668889,17.58802667,52.4040914
4813,2.715920278,17.59104333,52.12700809
4814,2.716250833,17.59501,51.65711032
4815,2.716576111,17.59891333,54.22703403
4816,2.716823611,17.6,55.12838757
4817,2.717071389,17.6,55.62472974
4818,2.717318889,17.6,56.67484614
4819,2.717565,17.6,56.45346317
4820,2.717893611,17.6,56.43687725
4821,2.718219444,17.6,56.05939349
4822,2.718465833,17.6,54.47031158
4823,2.718710833,17.6,50.53928466
4824,2.718960278,17.6,47.32203658
4825,2.719210556,17.6,43.70763609
4826,2.719548611,17.6,40.37091606
4827,2.719879167,17.6,37.37084574
4828,2.720128611,17.6,35.49348831
4829,2.720376389,17.6,36.81475145
4830,2.720627778,17.6,35.26073133
4831,2.720876944,17.6,38.99381765
4832,2.721218889,17.6,42.32941237
4833,2.721549722,17.6,43.50992867
4834,2.721796389,17.6,42.59329517
4835,2.722047778,17.6,44.64461791
4836,2.722296389,17.6,46.48082223
4837,2.722544722,17.6,49.80496988
4838,2.722885556,17.6,53.26683927
4839,2.723216111,17.6,53.75849898
4840,2.7234625,17.6,52.68789616
4841,2.723708056,17.6,49.04021285
4842,2.723956667,17.6,51.10584853
4843,2.724206667,17.6,49.86515805
4844,2.724543889,17.6,48.78171643
4845,2.724874167,17.6,47.06808499
4846,2.725120556,17.6,47.25172187
4847,2.72537,17.6,48.67992818
4848,2.725623056,17.6,47.93766344
4849,2.725876111,17.6,48.84447229
4850,2.726217222,17.6,49.59329602
4851,2.726548889,17.6,53.29175511
4852,2.726798333,17.6,53.17719397
4853,2.727043889,17.6,50.87065026
4854,2.727291667,17.6,52.09580947
4855,2.72754,17.6,58.12758455
4856,2.727876667,17.6,63.79690483
4857,2.728207222,17.6,64.74390907
4858,2.728454722,17.6,66.13384605
4859,2.7287025,17.6,63.20244618
4860,2.728948333,17.6,64.82056804
4861,2.729195,17.6,69.79832724
4862,2.729529167,17.6,74.67749195
4863,2.72986,17.6,72.53086436
4864,2.730107222,17.6,72.47362241
4865,2.730357222,17.6,72.45857938
4866,2.730605833,17.6,75.27331799
4867,2.7308525,17.6,74.65457652
4868,2.7311925,17.6,74.11409617
4869,2.731524167,17.6,76.04807857
4870,2.731770833,17.6,79.04714449
4871,2.732020278,17.6,82.94931379
4872,2.732268889,17.6,86.41337342
4873,2.732514722,17.6,84.89463746
4874,2.732846389,17.6,83.47866601
4875,2.733173333,17.6,84.932271
4876,2.733420278,17.60052167,88.85658307
4877,2.733666944,17.60200167,86.47166743
4878,2.733917222,17.60350333,86.18070574
4879,2.734164722,17.60498833,84.04648398
4880,2.734496389,17.60697833,81.96699668
4881,2.734821944,17.60893167,82.99362243
4882,2.735067778,17.61040667,85.95803187
4883,2.735314167,17.611885,87.41676517
4884,2.735560278,17.61336167,88.1538333
4885,2.735808056,17.61484833,88.50430744
4886,2.736140278,17.61684167,88.2630398
4887,2.736468611,17.61881167,88.36703401
4888,2.736719722,17.62031833,86.24583734
4889,2.736969167,17.621815,83.70050234
4890,2.737216944,17.62330167,82.18696447
4891,2.737464167,17.624785,78.51706317
4892,2.737796944,17.62678167,74.70711696
4893,2.738128611,17.62877167,72.41998761
4894,2.7383775,17.630265,72.23473949
4895,2.738626667,17.63176,69.38877227
4896,2.738876389,17.63325833,69.963062
4897,2.739126389,17.63475833,69.92864146
4898,2.739459167,17.636755,70.12392728
4899,2.739782778,17.63869667,73.6255289
4900,2.740028333,17.64017,73.19320404
4901,2.740276944,17.64166167,74.25392512
4902,2.740523889,17.64314333,74.86262433
4903,2.740770278,17.64462167,72.49828705
4904,2.741108333,17.64665,70.28936977
4905,2.741436389,17.64861833,73.93736646
4906,2.741683056,17.65009833,73.97393084
4907,2.741930556,17.65158333,69.29547479
4908,2.742177778,17.65306667,67.16382933
4909,2.742427222,17.65456333,62.4104928
4910,2.742762222,17.65657333,57.49025893
4911,2.743089167,17.658535,57.53367192
4912,2.743336944,17.66002167,59.508341
4913,2.743582778,17.66149667,60.06959855
4914,2.743827778,17.66296667,60.12234528
4915,2.744077222,17.66446333,60.01209489
4916,2.744412778,17.66647667,59.89384745
4917,2.744741389,17.66844833,61.90205929
4918,2.744988333,17.66993,62.25849112
4919,2.745236944,17.67142167,60.91485733
4920,2.745488056,17.67292833,61.48032644
4921,2.745741389,17.67444833,62.13335298
4922,2.74608,17.67648,62.99178567
4923,2.746413611,17.67848167,65.91812489
4924,2.746664722,17.67998833,69.16991608
4925,2.746911667,17.68147,68.45587009
4926,2.747160833,17.682965,68.32372741
4927,2.747407778,17.68444667,68.78381903
4928,2.747746667,17.68648,68.83179078
4929,2.748076389,17.68845833,69.09058167
4930,2.748325278,17.68995167,69.00595953
4931,2.748575556,17.69145333,68.8951067
4932,2.748823889,17.69294333,74.78037367
4933,2.749070833,17.694425,76.56423021
4934,2.749404444,17.69642667,78.06415758
4935,2.7497325,17.698395,79.79265992
4936,2.749978889,17.69987333,79.6272281
4937,2.750226389,17.70135833,80.77415767
4938,2.750476111,17.70285667,79.82204137
4939,2.750725556,17.70435333,79.58392881
4940,2.751057222,17.70634333,79.42189362
4941,2.751384444,17.70830667,81.08598642
4942,2.751634722,17.70980833,81.47624098
4943,2.751880556,17.71128333,78.89489359
4944,2.752128056,17.71276833,76.0895249
4945,2.752375,17.71425,72.18041939
4946,2.752714167,17.716285,68.28373483
4947,2.753043611,17.71826167,64.5414396
4948,2.753289444,17.71973667,63.56191513
4949,2.753535,17.72121,63.78018884
4950,2.753783889,17.72270333,60.75976845
4951,2.754036111,17.72421667,62.62343141
4952,2.754374167,17.726245,64.34099685
4953,2.754703889,17.72822333,66.40408703
4954,2.754956389,17.72973833,63.493467
4955,2.755211111,17.73126667,64.52108465
4956,2.755460556,17.73276333,62.72439811
4957,2.75571,17.73426,63.12715148
4958,2.756047222,17.73628333,63.55756823
4959,2.756376111,17.73825667,63.29234326
4960,2.756624722,17.73974833,63.92769126
4961,2.756872222,17.74123333,60.60932869
4962,2.757119722,17.74271833,58.10947976
4963,2.757368333,17.74421,57.97529536
4964,2.757703056,17.74621833,58.03166216
4965,2.7580325,17.748195,59.37283456
4966,2.758277778,17.74966667,57.14257319
4967,2.758528611,17.75117167,54.91354033
4968,2.7587775,17.752665,51.28468109
4969,2.759026944,17.75416167,52.49492052
4970,2.759358611,17.75615167,53.62220562
4971,2.759683889,17.75810333,54.90167653
4972,2.759930833,17.759585,55.68850759
4973,2.760180833,17.761085,54.77865533
4974,2.760427778,17.76256667,55.39443978
4975,2.760678333,17.76407,56.2240807
4976,2.7610125,17.766075,56.93569895
4977,2.761336111,17.76801667,59.82940153
4978,2.761581944,17.76949167,61.05652754
4979,2.761828333,17.77097,59.92202589
4980,2.762076944,17.77246167,60.87567579
4981,2.762322778,17.77393667,66.18186909
4982,2.762663333,17.77598,71.34049012
4983,2.762996111,17.77797667,71.50546933
4984,2.763242222,17.77945333,74.18886133
4985,2.763490833,17.780945,74.37961754
4986,2.763741944,17.78245167,74.33812513
4987,2.763989444,17.78393667,76.1664507
4988,2.764326667,17.78596,78.00900942
4989,2.764661667,17.78797,80.46563377
4990,2.764908611,17.78945167,81.8244067
4991,2.765158333,17.79095,85.57479043
4992,2.765405,17.79243,90.65983629
4993,2.765652222,17.79391333,90.15972246
4994,2.765988611,17.79593167,89.78062968
4995,2.766318611,17.79791167,91.16804487
4996,2.766565,17.79939,93.37940135
4997,2.766811944,17.80087167,96.45629486
4998,2.767063889,17.80238333,94.18424209
4999,2.767318333,17.80391,94.78016394
5000,2.767658056,17.80594833,95.55987849
5001,2.767988889,17.80793333,95.45477802
5002,2.7682375,17.809425,94.81827038
5003,2.768486944,17.81092167,95.1900137
5004,2.768738889,17.81243333,97.75424974
5005,2.7689875,17.813925,101.4761827
5006,2.769326667,17.81596,104.707183
5007,2.769658611,17.81795167,103.2569
5008,2.769905,17.81943,102.0333546
5009,2.770152778,17.82091667,97.15485018
5010,2.770401111,17.82240667,95.57386897
5011,2.770650556,17.82390333,94.0308123
5012,2.770989722,17.82593833,92.30488715
5013,2.771320556,17.82792333,87.96781173
5014,2.771568056,17.82940833,87.75468518
5015,2.771818611,17.83091167,86.93865306
5016,2.772066111,17.83239667,87.66261685
5017,2.772313611,17.83388167,85.27876805
5018,2.772646389,17.83587833,82.8561473
5019,2.772976944,17.83786167,83.74220012
5020,2.773223056,17.83933833,85.46549562
5021,2.773471389,17.84082833,85.2513511
5022,2.773717222,17.84230333,86.71093688
5023,2.773964167,17.843785,82.97999698
5024,2.7743,17.8458,79.28563687
5025,2.774630833,17.847785,83.33034535
5026,2.774875833,17.849255,83.12592442
5027,2.7751225,17.850735,79.56874674
5028,2.775371111,17.85222667,79.25472256
5029,2.775616944,17.85370167,75.73068865
5030,2.775949444,17.85569667,71.52856601
5031,2.776276667,17.85766,67.72587719
5032,2.776523889,17.85914333,67.73955997
5033,2.776773889,17.86064333,65.6929159
5034,2.777023333,17.86214,63.32458622
5035,2.77727,17.86362,60.95992765
5036,2.777608056,17.86564833,58.71670753
5037,2.777937778,17.86762667,59.86035081
5038,2.778184167,17.869105,56.27292713
5039,2.778430278,17.87058167,52.70462606
5040,2.778680833,17.872085,53.14513578
5041,2.778928333,17.87357,51.24784574
5042,2.779261667,17.87557,49.50725329
5043,2.779589722,17.87753833,53.06796757
5044,2.779839444,17.87903667,55.21104874
5045,2.780086944,17.88052167,54.14669037
5046,2.780336111,17.88201667,53.0283038
5047,2.780585833,17.883515,49.69380589
5048,2.780918611,17.88551167,46.41249183
5049,2.781244444,17.88746667,47.99982134
5050,2.781491389,17.88894833,52.49998747
5051,2.781738056,17.89042833,48.97271148
5052,2.781988333,17.89193,50.87551186
5053,2.782240556,17.89344333,52.96478846
5054,2.782576944,17.89546167,54.80742002
5055,2.782903056,17.89741833,58.69007155
5056,2.783150556,17.89890333,60.19790245
5057,2.7834025,17.900415,62.06029433
5058,2.783653056,17.90191833,63.71895304
5059,2.783899722,17.90339833,63.6054916
5060,2.784234167,17.905405,63.42541636
5061,2.784559722,17.90735833,67.09508749
5062,2.784806389,17.90883833,68.16624187
5063,2.785056944,17.91034167,69.69337517
5064,2.785306111,17.91183667,66.63935259
5065,2.7855575,17.913345,63.33238511
5066,2.785898056,17.91538833,60.12831759
5067,2.786226111,17.91735667,59.72459541
5068,2.786471944,17.91883167,57.34582762
5069,2.7867225,17.920335,54.14083748
5070,2.786973611,17.92184167,53.43149273
5071,2.787226111,17.92335667,55.03856419
5072,2.7875575,17.925345,56.21280585
5073,2.787879167,17.927275,56.45135972
5074,2.788126944,17.92876167,55.43268218
5075,2.788375278,17.93025167,57.21058408
5076,2.788621944,17.93173167,53.8093084
5077,2.788868611,17.93321167,54.5952089
5078,2.789204167,17.935225,55.35887677
5079,2.789534167,17.937205,58.69319375
5080,2.789785,17.93871,60.34848377
5081,2.790033056,17.94019833,60.65246924
5082,2.790279722,17.94167833,60.40215885
5083,2.790526389,17.94315833,60.0895749
5084,2.790858889,17.94515333,59.96660261
5085,2.791186111,17.94711667,64.20771264
5086,2.791435278,17.94861167,65.27483398
5087,2.791682222,17.95009333,63.29758625
5088,2.791930833,17.951585,59.86271877
5089,2.792177778,17.95306667,58.48582314
5090,2.792509444,17.95505667,57.3340259
5091,2.792838889,17.95703333,57.30255679
5092,2.793089167,17.958535,56.93225289
5093,2.793337778,17.96002667,57.74548143
5094,2.793588333,17.96153,59.58942098
5095,2.793838056,17.96302833,58.91180837
5096,2.794169444,17.96501667,57.66344988
5097,2.794493889,17.96696333,60.61434273
5098,2.794739722,17.96843833,57.8400673
5099,2.794985556,17.96991333,60.16378773
5100,2.795233889,17.97140333,60.3251458
5101,2.795481667,17.97289,63.60305623
5102,2.795819444,17.97491667,67.21074413
5103,2.796151111,17.97690667,68.58480779
5104,2.796401944,17.97841167,70.6765749
5105,2.796651389,17.97990833,70.97572635
5106,2.796901667,17.98141,70.69945033
5107,2.797151111,17.98290667,72.80521833
5108,2.797491944,17.98495167,74.82932141
5109,2.797826944,17.98696167,75.33975161
5110,2.798074722,17.98844833,78.78724985
5111,2.798320556,17.98992333,81.10773021
5112,2.798569167,17.991415,81.80892882
5113,2.798818333,17.99291,84.71300458
5114,2.799161111,17.99496667,87.45383512
5115,2.7994975,17.996985,88.44041463
5116,2.799749722,17.99849833,88.62996504
5117,2.799999167,17.999995,92.9590959
5118,2.800245833,18.00295,89.83130919
5119,2.800495556,18.00594667,91.90715216
5120,2.800826944,18.00992333,94.0301442
5121,2.801154722,18.01385667,96.08593776
5122,2.801405556,18.01686667,93.40284235
5123,2.801654722,18.01985667,90.57330561
5124,2.8019025,18.02283,91.50854412
5125,2.802151667,18.02582,92.02359864
5126,2.802491944,18.02990333,92.49623263
5127,2.802825556,18.03390667,90.09247013
5128,2.803075833,18.03691,87.54814012
5129,2.803325278,18.03990333,85.39676147
5130,2.803571944,18.04286333,85.34469385
5131,2.803816944,18.04580333,85.82185065
5132,2.804153056,18.04983667,86.26678261
5133,2.804483056,18.05379667,85.84924626
5134,2.804728889,18.05674667,87.21087163
5135,2.804978889,18.05974667,85.97334781
5136,2.805231389,18.06277667,85.90632799
5137,2.805479722,18.06575667,85.93132424
5138,2.805816944,18.06980333,85.54376483
5139,2.806145833,18.07375,83.60910393
5140,2.806393611,18.07672333,87.39111049
5141,2.806644167,18.07973,89.93562132
5142,2.806895278,18.08274333,91.31544312
5143,2.807143889,18.08572667,93.89731943
5144,2.807481667,18.08978,96.44265248
5145,2.807813611,18.09376333,97.78698443
5146,2.808065,18.09678,99.42601923
5147,2.808316667,18.0998,98.89214338
5148,2.808566111,18.10279333,99.44827009
5149,2.808813889,18.10576667,101.4103841
5150,2.809151389,18.10981667,102.9559484
5151,2.809482222,18.11378667,103.3363125
5152,2.809731667,18.11678,104.4227304
5153,2.809978889,18.11974667,100.9485536
5154,2.8102275,18.12273,97.28037384
5155,2.810478056,18.12573667,94.50814329
5156,2.810815,18.12978,91.60278345
5157,2.811145556,18.13374667,94.25293796
5158,2.811396389,18.13675667,93.49911185
5159,2.811650278,18.13980333,91.73019712
5160,2.811901667,18.14282,89.00249873
5161,2.812150278,18.14580333,86.87580647
5162,2.812488056,18.14985667,85.15620582
5163,2.812815556,18.15378667,85.59932311
5164,2.813061389,18.15673667,86.3021712
5165,2.813313333,18.15976,83.29033236
5166,2.813565556,18.16278667,84.74724478
5167,2.813813056,18.16575667,78.00318239
5168,2.814149444,18.16979333,71.12636984
5169,2.814479444,18.17375333,66.75761005
5170,2.814727778,18.17673333,67.67970425
5171,2.814979722,18.17975667,66.90821252
5172,2.815226944,18.18272333,66.07071523
5173,2.815473333,18.18568,66.65181505
5174,2.815808056,18.18969667,67.16839508
5175,2.816138611,18.19366333,68.12010942
5176,2.816386111,18.19663333,64.15310916
5177,2.816635,18.19962,65.37603484
5178,2.816885,18.20131,66.80673214
5179,2.817132778,18.20279667,63.76375532
5180,2.817466389,18.20479833,60.69495412
5181,2.817796111,18.20677667,62.28782946
5182,2.818045833,18.208275,58.76758696
5183,2.818294722,18.20976833,58.44331973
5184,2.818547222,18.21128333,56.14412459
5185,2.818794167,18.212765,56.78987843
5186,2.819130833,18.214785,57.42648245
5187,2.819461667,18.21677,57.87213644
5188,2.819706667,18.21824,56.36770717
5189,2.819951667,18.21971,55.19726724
5190,2.820198056,18.22118833,53.25778115
5191,2.820447778,18.22268667,53.08211843
5192,2.820779167,18.224675,52.70858507
5193,2.821106667,18.22664,52.3300688
5194,2.821355833,18.228135,50.73082895
5195,2.821604722,18.22962833,49.89967809
5196,2.821853889,18.23112333,48.97183482
5197,2.822101667,18.23261,47.81305926
5198,2.822439722,18.23463833,46.30104112
5199,2.822771667,18.23663,50.46304521
5200,2.823022778,18.23813667,49.81231002
5201,2.823274722,18.23964833,49.01804108
5202,2.823524167,18.241145,47.91621766
5203,2.823772222,18.24263333,48.78591661
5204,2.82411,18.24466,50.0923298
5205,2.824435278,18.24661167,52.05222777
5206,2.824685,18.24811,56.81284458
5207,2.824935278,18.24961167,58.61190286
5208,2.825184444,18.25110667,57.98794717
5209,2.825435,18.25261,59.44854875
5210,2.825774722,18.25464833,60.9558913
5211,2.826104722,18.25662833,63.82760102
5212,2.826355833,18.258135,66.80638924
5213,2.826605278,18.25963167,71.04819279
5214,2.826854167,18.261125,72.96731612
5215,2.827104444,18.26262667,74.78327426
5216,2.827441667,18.26465,76.02903909
5217,2.827772222,18.26663333,74.53891761
5218,2.828018056,18.26810833,68.72980049
5219,2.828262778,18.26957667,72.2282949
5220,2.828508889,18.27105333,68.79652233
5221,2.828758333,18.27255,68.10559702
5222,2.829093889,18.27456333,67.57172075
5223,2.8294225,18.276535,67.59891781
5224,2.829669167,18.278015,66.85335183
5225,2.829917778,18.27950667,64.60801794
5226,2.830166389,18.28099833,66.85904071
5227,2.830412778,18.28247667,65.22473121
5228,2.830749444,18.28449667,63.58853526
5229,2.831080278,18.28648167,63.41397304
5230,2.831329444,18.28797667,67.30048782
5231,2.831577222,18.28946333,69.08268599
5232,2.831827222,18.29096333,68.3721124
5233,2.832076111,18.29245667,70.84417077
5234,2.832409722,18.29445833,73.21763762
5235,2.832736667,18.29642,74.98521355
5236,2.832986389,18.29791833,74.67349047
5237,2.833234444,18.29940667,74.48391044
5238,2.833482222,18.30178667,69.94016639
5239,2.833732778,18.30479333,70.34614829
5240,2.834066111,18.30879333,70.68863848
5241,2.834393056,18.31271667,70.45796765
5242,2.83464,18.31568,72.95309611
5243,2.834888333,18.31866,72.11046264
5244,2.835137778,18.32165333,71.74636024
5245,2.835385833,18.32463,72.48826443
5246,2.835715556,18.32858667,73.29170391
5247,2.836038889,18.33246667,72.33873134
5248,2.836285556,18.33542667,72.58932729
5249,2.836536111,18.33843333,74.06108503
5250,2.836782778,18.34139333,71.78285442
5251,2.837031111,18.34437333,68.97637515
5252,2.837362222,18.34834667,66.01436687
5253,2.837686667,18.35224,67.12407996
5254,2.837934167,18.35521,69.16111754
5255,2.838187222,18.35824667,69.95265432
5256,2.838437778,18.36125333,72.75878774
5257,2.838686389,18.36423667,76.68851872
5258,2.839021111,18.36825333,80.41345363
5259,2.839345833,18.37215,81.9814491
5260,2.839595278,18.37514333,83.7299914
5261,2.839846389,18.37815667,82.97114233
5262,2.840093889,18.38112667,82.41477722
5263,2.840341111,18.38409333,85.85173817
5264,2.840671389,18.38805667,89.54720575
5265,2.840996667,18.39196,89.48239367
5266,2.841244722,18.39493667,92.98967834
5267,2.841494722,18.39793667,92.53983512
5268,2.841743611,18.40092333,91.67091415
5269,2.841994444,18.40393333,92.75907675
5270,2.842331111,18.40797333,93.47404131
5271,2.842661111,18.41193333,94.66532971
5272,2.842910278,18.41492333,97.39534557
5273,2.843162222,18.41794667,100.2568689
5274,2.843410278,18.42092333,103.9070966
5275,2.843659444,18.42391333,105.3318634
5276,2.843994167,18.42793,106.4968915
5277,2.844322222,18.43186667,106.438505
5278,2.844571389,18.43485667,110.584317
5279,2.844818889,18.43782667,111.8203116
5280,2.845067778,18.44081333,113.0228364
5281,2.845315278,18.44378333,114.0159099
5282,2.845654444,18.44785333,115.3415049
5283,2.845985,18.45182,114.8142191
5284,2.846232778,18.45479333,116.1849223
5285,2.846481111,18.45777333,112.0184416
5286,2.846728611,18.46074333,112.1461241
5287,2.846979167,18.46375,108.8759653
5288,2.847318333,18.46782,105.0278563
5289,2.847644444,18.47173333,101.2005543
5290,2.847888611,18.47466333,100.0530169
5291,2.848135,18.47762,103.7491749
5292,2.848383889,18.48060667,105.5535815
5293,2.848633056,18.48359667,105.6966648
5294,2.848969444,18.48763333,106.0707041
5295,2.8492975,18.49157,106.6241475
5296,2.849543889,18.49452667,101.4273195
5297,2.849793333,18.49752,105.7832391
5298,2.850041944,18.49974833,103.7849207
5299,2.850293056,18.49824167,101.0441623
5300,2.850625278,18.49624833,98.35802032
5301,2.850951389,18.49429167,99.13517174
5302,2.851199722,18.49280167,94.85634814
5303,2.851448611,18.49130833,94.52980595
5304,2.851696667,18.48982,93.02203627
5305,2.851946389,18.48832167,95.12350874
5306,2.852275556,18.48634667,97.0039222
5307,2.852597778,18.48441333,95.33461746
5308,2.852843611,18.48293833,94.28710869
5309,2.853095556,18.48142667,95.91837738
5310,2.853344444,18.47993333,91.28757685
5311,2.853594722,18.47843167,88.4353959
5312,2.853935556,18.47638667,85.27567548
5313,2.854264722,18.47441167,84.18022107
5314,2.854513056,18.47292167,81.70561582
5315,2.85476,18.47144,77.26087228
5316,2.855008056,18.46995167,77.67332092
5317,2.855259722,18.46844167,73.40058595
5318,2.8555975,18.466415,69.01535655
5319,2.855928333,18.46443,70.55769017
5320,2.856176667,18.46294,70.75298213
5321,2.856423889,18.46145667,67.88041316
5322,2.8566725,18.459965,65.86771837
5323,2.856923333,18.45846,65.32486886
5324,2.857260833,18.456435,64.88957813
5325,2.857591667,18.45445,64.52095319
5326,2.857840833,18.452955,68.19579492
5327,2.858086389,18.45148167,68.96825734
5328,2.858330833,18.450015,67.29512954
5329,2.858578889,18.44852667,69.49368158
5330,2.858911667,18.44653,71.73524825
5331,2.859236111,18.44458333,75.15963434
5332,2.859482778,18.44310333,77.48414791
5333,2.859732222,18.44160667,82.30835869
5334,2.859981111,18.44011333,82.76022361
5335,2.86023,18.43862,82.95130972
5336,2.860559167,18.436645,82.92958924
5337,2.860880833,18.434715,80.52757299
5338,2.861126667,18.43324,78.30134724
5339,2.861374444,18.43175333,80.52555161
5340,2.861625833,18.430245,76.97657349
5341,2.861874167,18.428755,79.91781237
5342,2.862209167,18.426745,82.51503961
5343,2.862540278,18.42475833,81.67039417
5344,2.86279,18.42326,80.95187831
5345,2.863040833,18.421755,78.11791149
5346,2.863290278,18.42025833,76.19902402
5347,2.863539167,18.418765,72.95806801
5348,2.863876944,18.41673833,69.82856093
5349,2.864204167,18.414775,69.16284721
5350,2.864453333,18.41328,70.2865872
5351,2.864702222,18.41178667,69.60368546
5352,2.864950556,18.41029667,68.43932245
5353,2.865203056,18.40878167,70.98437377
5354,2.865537222,18.40677667,73.6606446
5355,2.865863333,18.40482,74.14410396
5356,2.866111944,18.40332833,76.54798674
5357,2.86636,18.40184,75.20944751
5358,2.866608333,18.40035,72.1629421
5359,2.866856667,18.40456,69.98770394
5360,2.867193333,18.41264,67.26145501
5361,2.867522222,18.42053333,64.71393496
5362,2.867771389,18.42651333,68.33183332
5363,2.8680225,18.43254,67.4567132
5364,2.868271944,18.43852667,65.01891365
5365,2.86852,18.44448,64.92818107
5366,2.868855833,18.45254,65.18852408
5367,2.869186944,18.46048667,62.78523664
5368,2.869431944,18.46636667,62.54859075
5369,2.869679167,18.4723,61.8486083
5370,2.869927778,18.47826667,58.89102062
5371,2.87018,18.48432,57.47313942
5372,2.870518056,18.49243333,55.75233334
5373,2.870846389,18.50031333,56.40762964
5374,2.871093889,18.50625333,56.17845726
5375,2.871340556,18.51217333,57.97581893
5376,2.871589167,18.51814,61.17755292
5377,2.871835833,18.52406,63.78692866
5378,2.872173056,18.53215333,66.56194272
5379,2.872501944,18.54004667,68.24038106
5380,2.872749722,18.54599333,69.4177545
5381,2.872998056,18.55195333,67.29484845
5382,2.873249444,18.55798667,63.74117211
5383,2.873498056,18.56395333,63.06698052
5384,2.873827778,18.57186667,62.68133285
5385,2.874151111,18.57962667,61.62850943
5386,2.874399722,18.58559333,64.54254333
5387,2.874647222,18.59153333,65.35765193
5388,2.874893333,18.59744,63.58422806
5389,2.875138889,18.60333333,62.87636863
5390,2.8754725,18.61134,61.69060586
5391,2.875798333,18.61916,60.38909405
5392,2.876044444,18.62506667,59.53165927
5393,2.876293611,18.63104667,61.85865073
5394,2.876548056,18.63715333,66.59377487
5395,2.876800833,18.64322,70.49701386
5396,2.877138333,18.65132,74.49338683
5397,2.877466111,18.65918667,72.10616227
5398,2.877713889,18.66513333,73.78037748
5399,2.877965,18.67116,71.46376653
5400,2.878211944,18.67708667,74.11559036
5401,2.878463889,18.68313333,71.48502969
5402,2.8788,18.6912,68.76869714
5403,2.879135556,18.69925333,70.28849205
5404,2.879384167,18.70522,73.45568051
5405,2.879631667,18.71116,72.50281088
5406,2.879881389,18.71715333,71.58542776
5407,2.880133611,18.72320667,70.49538216
5408,2.880467778,18.73122667,69.21480716
5409,2.880794167,18.73906,72.83239454
5410,2.881040833,18.74498,73.34658217
5411,2.881291111,18.75098667,74.38618406
5412,2.881541667,18.757,74.44402059
5413,2.881793611,18.76304667,72.9764211
5414,2.88213,18.77112,71.53377896
5415,2.88246,18.77904,72.40814994
5416,2.882709167,18.78502,69.21567427
5417,2.882958889,18.79101333,71.21012649
5418,2.883205556,18.79693333,70.60240953
5419,2.883453889,18.80072333,72.86547097
5420,2.883783889,18.80270333,75.22440866
5421,2.884108889,18.80465333,78.56024125
5422,2.884355,18.80613,79.97989477
5423,2.884601667,18.80761,83.42882596
5424,2.884851944,18.80911167,82.5455968
5425,2.885099722,18.81059833,81.55595932
5426,2.885438611,18.81263167,80.48571543
5427,2.885769444,18.81461667,80.18735036
5428,2.886015278,18.81609167,79.27571959
5429,2.886261944,18.81757167,77.23286295
5430,2.886513889,18.81908333,74.85611723
5431,2.886766389,18.82059833,76.15044824
5432,2.887108889,18.82265333,77.17714117
5433,2.887438611,18.82463167,75.98173409
5434,2.887687222,18.82612333,76.43349478
5435,2.887936667,18.82762,74.13778151
5436,2.8881825,18.829095,75.15875233
5437,2.888431111,18.83058667,74.54356192
5438,2.888773889,18.83264333,73.7919263
5439,2.889107222,18.83464333,73.1545155
5440,2.889357778,18.83614667,74.11990574
5441,2.889604167,18.837625,76.22912604
5442,2.889851944,18.83911167,76.16468998
5443,2.890099722,18.84059833,73.10152106
5444,2.890437778,18.84262667,69.91701588
5445,2.890773056,18.84463833,72.3939516
5446,2.891024167,18.846145,77.26958948
5447,2.891272222,18.84763333,76.67720076
5448,2.891521389,18.84912833,75.54067523
5449,2.891773889,18.85064333,76.67369991
5450,2.892107222,18.85264333,77.60223641
5451,2.8924325,18.854595,81.45229772
5452,2.89268,18.85608,79.75207238
5453,2.8929275,18.857565,79.15827539
5454,2.893176389,18.85905833,80.61764865
5455,2.893424722,18.86054833,77.85449095
5456,2.893764722,18.86258833,75.04075485
5457,2.894095278,18.86457167,74.43328609
5458,2.894344722,18.86606833,75.00826953
5459,2.894591667,18.86755,74.88634662
5460,2.894838333,18.86903,73.04945779
5461,2.895089722,18.87053833,77.53886624
5462,2.895424722,18.87254833,81.97538075
5463,2.895751111,18.87450667,80.61191772
5464,2.895997222,18.87598333,80.73761976
5465,2.896246667,18.87748,83.85068467
5466,2.8964975,18.878985,82.20489718
5467,2.8967425,18.880455,83.36491145
5468,2.897076944,18.88246167,84.59730805
5469,2.897406944,18.88444167,83.22601969
5470,2.897653333,18.88592,83.38789232
5471,2.8979,18.8874,81.92123327
5472,2.8981525,18.888915,82.06759552
5473,2.898401944,18.89041167,85.39515232
5474,2.898735556,18.89241333,88.82109198
5475,2.899061667,18.89437,91.45339354
5476,2.8993075,18.895845,95.88478055
5477,2.899555,18.89733,97.25024283
5478,2.899803889,18.89882333,97.99402649
5479,2.900053056,18.9,95.00366289
5480,2.900386667,18.9,91.63439676
5481,2.900711944,18.9,91.52487503
5482,2.900960556,18.9,93.33984043
5483,2.901207222,18.9,92.64479262
5484,2.901454722,18.9,89.37560978
5485,2.901705,18.9,86.73282471
5486,2.902040556,18.9,84.15452422
5487,2.902371944,18.9,82.34124672
5488,2.902618889,18.9,78.345688
5489,2.902868889,18.9,75.67964865
5490,2.9031175,18.9,75.57989021
5491,2.903365556,18.9,75.70120842
5492,2.903705278,18.9,75.83504988
5493,2.904038889,18.9,79.11849923
5494,2.904287222,18.9,80.87012636
5495,2.904535,18.9,80.81239586
5496,2.904786111,18.9,80.33129864
5497,2.905033611,18.9,79.07593076
5498,2.905370278,18.9,78.16262831
5499,2.9057,18.9,76.56295676
5500,2.905953889,18.9,73.89215312
5501,2.906201667,18.9,73.87890186
5502,2.906449167,18.9,72.45042599
5503,2.906695,18.9,70.39689463
5504,2.907029444,18.9,68.15868099
5505,2.907355556,18.9,67.72855755
5506,2.907603889,18.9,70.12757046
5507,2.90785,18.9,69.61100251
5508,2.908094167,18.9,72.56402313
5509,2.908343333,18.9,73.88314752
5510,2.908678611,18.9,74.85252956
5511,2.909004167,18.9,72.25870247
5512,2.909251944,18.9,70.31422057
5513,2.909501944,18.9,70.12875265
5514,2.909749722,18.9,72.0172556
5515,2.909999167,18.9,73.73925377
5516,2.910331667,18.9,75.56768647
5517,2.910655278,18.9,76.33498508
5518,2.910903889,18.9,75.59245987
5519,2.911151667,18.9,71.6170388
5520,2.911401111,18.9,71.44924725
5521,2.911649444,18.9,67.68814777
5522,2.911989167,18.9,63.68272257
5523,2.912320833,18.9,61.68881495
5524,2.912569167,18.9,63.11492132
5525,2.912814167,18.9,60.15660516
5526,2.913059167,18.9,60.24597891
5527,2.913305833,18.9,60.21989632
5528,2.913639444,18.9,60.21445442
5529,2.913965556,18.9,60.42714749
5530,2.914215,18.9,58.91438939
5531,2.914462778,18.9,55.7454881
5532,2.914709167,18.9,53.54676853
5533,2.914955278,18.9,51.43956166
5534,2.915286667,18.9,49.20367331
5535,2.915616111,18.9,50.1690324
5536,2.915864444,18.9,49.20331417
5537,2.916110833,18.9,50.25830682
5538,2.91636,18.9,54.00395689
5539,2.916609167,18.9,55.41336979
5540,2.916939167,18.901635,56.90014017
5541,2.917267222,18.90360333,61.49657121
5542,2.917514722,18.90508833,65.63236353
5543,2.917762222,18.90657333,67.81013459
5544,2.918010556,18.90806333,64.32843618
5545,2.918261111,18.90956667,59.59477879
5546,2.918596389,18.91157833,54.5386124
5547,2.91892,18.91352,53.15994
5548,2.9191675,18.915005,55.42662896
5549,2.919413611,18.91648167,53.61545117
5550,2.919660833,18.917965,55.24973254
5551,2.919910556,18.91946333,60.51058717
5552,2.920253056,18.92151833,65.92689168
5553,2.920586667,18.92352,63.60973935
5554,2.920834444,18.92500667,65.56953434
5555,2.921079444,18.92647667,68.45069285
5556,2.921326667,18.92796,67.97249448
5557,2.921573611,18.92944167,68.8414447
5558,2.92191,18.93146,69.24770083
5559,2.922240278,18.93344167,70.13618176
5560,2.922488056,18.93492833,68.87965304
5561,2.922735,18.93641,70.41874756
5562,2.922983333,18.9379,69.56857324
5563,2.923235556,18.93941333,66.96318012
5564,2.923569722,18.94141833,64.81574497
5565,2.923898889,18.94339333,65.56502216
5566,2.924147222,18.94488333,68.89388898
5567,2.924396111,18.94637667,67.80555849
5568,2.924647222,18.94788333,70.11006533
5569,2.924901389,18.94940833,70.86464955
5570,2.925235833,18.951415,71.17728575
5571,2.925561944,18.95337167,79.20436859
5572,2.925810278,18.95486167,80.52766458
5573,2.926058056,18.95634833,79.56269961
5574,2.926303889,18.95782333,83.3086507
5575,2.92655,18.9593,83.84805925
5576,2.926885,18.96131,84.26858791
5577,2.927213056,18.96327833,86.9285109
5578,2.92746,18.96476,88.45369044
5579,2.927710833,18.966265,89.24062706
5580,2.927960556,18.96776333,86.65124997
5581,2.9282075,18.969245,87.04476623
5582,2.928544444,18.97126667,87.652104
5583,2.928876111,18.97325667,87.70597967
5584,2.929121111,18.97472667,87.64530803
5585,2.929366667,18.9762,90.58381793
5586,2.929616111,18.97769667,93.03696188
5587,2.929866667,18.9792,99.45783947
5588,2.930203889,18.98122333,105.5912192
5589,2.930533611,18.98320167,106.0228183
5590,2.930781944,18.98469167,107.8040791
5591,2.931031944,18.98619167,107.39905
5592,2.931281111,18.98768667,109.4819232
5593,2.931530556,18.98918333,111.8342517
5594,2.931866944,18.99120167,114.2502841
5595,2.932199167,18.993195,118.681458
5596,2.932446111,18.99467667,122.5622895
5597,2.932694444,18.99616667,127.673936
5598,2.932944167,18.997665,126.266054
5599,2.933197222,18.99918333,122.8719273
5600,2.933530556,19.00236667,119.7995075
5601,2.933855278,19.00626333,122.0220015
5602,2.934104444,19.00925333,125.2447212
5603,2.934353056,19.01223667,125.9723166
5604,2.934599722,19.01519667,121.3875574
5605,2.934849444,19.01819333,120.0789933
5606,2.935185833,19.02223,118.4166227
5607,2.935514444,19.02617333,120.0066028
5608,2.935761944,19.02914333,119.2629888
5609,2.936009444,19.03211333,117.4883125
5610,2.936257222,19.03508667,117.8896804
5611,2.936505833,19.03807,115.3420875
5612,2.936831111,19.04197333,112.6031024
5613,2.937152778,19.04583333,116.3344271
5614,2.937398611,19.04878333,120.802362
5615,2.937644444,19.05173333,122.1414147
5616,2.937894167,19.05473,122.0958939
5617,2.938143056,19.05771667,121.1819711
5618,2.938479722,19.06175667,120.7075543
5619,2.938809444,19.06571333,119.2329983
5620,2.939056111,19.06867333,114.6536733
5621,2.939303611,19.07164333,111.2069397
5622,2.939551389,19.07461667,108.8259629
5623,2.939798333,19.07758,108.4904487
5624,2.940133611,19.08160333,108.0923007
5625,2.940464444,19.08557333,110.1132108
5626,2.940713056,19.08855667,109.2703123
5627,2.940962222,19.09154667,108.5603513
5628,2.941208056,19.09449667,113.4198844
5629,2.941453611,19.09744333,113.9339855
5630,2.941786389,19.10143667,114.3288994
5631,2.942111667,19.10534,116.5138905
5632,2.942360278,19.10832333,117.0068805
5633,2.942610556,19.11132667,117.8723233
5634,2.942861944,19.11434333,119.5573824
5635,2.943108611,19.11730333,121.4171435
5636,2.943437778,19.12125333,123.3192701
5637,2.943763611,19.12516333,125.3528448
5638,2.944013056,19.12815667,124.1530623
5639,2.94426,19.13112,121.312667
5640,2.9445075,19.13409,120.9020455
5641,2.944754167,19.13705,120.1532543
5642,2.945091667,19.1411,119.2319556
5643,2.945424167,19.14509,117.994003
5644,2.945674444,19.14809333,117.1537756
5645,2.945922222,19.15106667,111.5985145
5646,2.946171389,19.15405667,110.669979
5647,2.946416389,19.15699667,108.2567047
5648,2.946747778,19.16097333,106.1166352
5649,2.947078889,19.16494667,101.863299
5650,2.947327222,19.16792667,98.82594617
5651,2.947575,19.1709,96.75709416
5652,2.947823333,19.17388,94.90169468
5653,2.948070278,19.17684333,97.66758174
5654,2.948407222,19.18088667,100.486092
5655,2.948735556,19.18482667,103.3021442
5656,2.948981944,19.18778333,105.2246533
5657,2.949229444,19.19075333,109.4567385
5658,2.949476667,19.19372,110.380746
5659,2.949726667,19.19672,108.4476096
5660,2.950056944,19.20034167,106.7853493
5661,2.950384722,19.20230833,110.7202087
5662,2.950630278,19.20378167,108.4226338
5663,2.950879167,19.205275,103.2256577
5664,2.951124167,19.206745,95.92319682
5665,2.9513725,19.208235,92.59450291
5666,2.951713333,19.21028,88.69111197
5667,2.952043056,19.21225833,82.89380442
5668,2.952288056,19.21372833,82.43883299
5669,2.952533056,19.21519833,79.11571746
5670,2.952782222,19.21669333,78.98006107
5671,2.953030833,19.218185,81.5296143
5672,2.953363611,19.22018167,84.48463522
5673,2.953689722,19.22213833,80.11320496
5674,2.953939167,19.223635,81.88808644
5675,2.954185,19.22511,82.80059186
5676,2.9544325,19.226595,82.30119291
5677,2.954684722,19.22810833,79.37733732
5678,2.955020278,19.23012167,76.5188723
5679,2.955348333,19.23209,77.15199196
5680,2.955599444,19.23359667,76.79749811
5681,2.955846111,19.23507667,76.86667741
5682,2.956095833,19.236575,74.85263065
5683,2.956345278,19.23807167,70.5811285
5684,2.956676667,19.24006,66.45164687
5685,2.9570075,19.242045,65.8425292
5686,2.957260556,19.24356333,66.68694399
5687,2.957510278,19.24506167,64.90453479
5688,2.957761389,19.24656833,65.06144004
5689,2.958011667,19.24807,62.12144857
5690,2.9583425,19.250055,59.14803782
5691,2.958671389,19.25202833,63.51654016
5692,2.958923611,19.25354167,65.02780677
5693,2.959170556,19.25502333,65.72726028
5694,2.959416111,19.25649667,70.63282909
5695,2.959664444,19.25798667,71.08227261
5696,2.959993333,19.25996,71.62689678
5697,2.960316389,19.26189833,74.99205983
5698,2.960561111,19.26336667,73.71032691
5699,2.960808611,19.26485167,72.88219182
5700,2.961059722,19.26635833,70.45960042
5701,2.961307778,19.26784667,69.05873313
5702,2.961639167,19.269835,67.59893684
5703,2.961968056,19.27180833,66.89385393
5704,2.962215833,19.273295,66.24640325
5705,2.962459722,19.27475833,62.78707975
5706,2.962710278,19.27626167,62.22909892
5707,2.962960556,19.27776333,63.81232293
5708,2.963293056,19.27975833,65.25718763
5709,2.963619444,19.28171667,64.17874007
5710,2.963867778,19.28320667,63.77937764
5711,2.964115556,19.28469333,63.97054148
5712,2.964365833,19.286195,64.74064311
5713,2.964614722,19.28768833,66.79859341
5714,2.964946111,19.28967667,69.20326841
5715,2.965269722,19.29161833,68.71082124
5716,2.965518333,19.29311,67.34098336
5717,2.965764722,19.29458833,68.17228534
5718,2.966013333,19.29608,64.95636392
5719,2.966263056,19.29757833,61.98137735
5720,2.966600833,19.299605,59.41562847
5721,2.966930833,19.301585,57.68486539
5722,2.967177222,19.30306333,60.20320408
5723,2.967425,19.30455,62.67776904
5724,2.967673611,19.30604167,59.08833804
5725,2.967926111,19.30755667,61.47627746
5726,2.968264722,19.30958833,63.66492157
5727,2.968592778,19.31155667,63.70123728
5728,2.968841111,19.31304667,64.9867923
5729,2.969088056,19.31452833,63.09244455
5730,2.969339444,19.31603667,62.8321506
5731,2.969586944,19.31752167,62.74104061
5732,2.9699225,19.319535,62.47052403
5733,2.970256667,19.32154,64.72731887
5734,2.970508889,19.32305333,68.26978519
5735,2.970755833,19.324535,70.92622371
5736,2.971005833,19.326035,71.55128973
5737,2.971254722,19.32752833,70.6347302
5738,2.971590556,19.32954333,69.85913376
5739,2.971918889,19.33151333,70.80683248
5740,2.972164444,19.33298667,68.4956695
5741,2.9724125,19.334475,66.1312832
5742,2.972659167,19.335955,65.53587322
5743,2.972905833,19.337435,64.7523031
5744,2.973238611,19.33943167,64.2439978
5745,2.973564444,19.34138667,67.06592421
5746,2.973811389,19.34286833,63.65456333
5747,2.97406,19.34436,62.57797427
5748,2.9743075,19.345845,67.14392282
5749,2.9745575,19.347345,67.28240001
5750,2.974889444,19.34933667,67.42887721
5751,2.975215556,19.35129333,69.17470182
5752,2.975460556,19.35276333,71.2854978
5753,2.975710833,19.354265,71.59926396
5754,2.975959444,19.35575667,73.20186922
5755,2.976208611,19.35725167,74.05529214
5756,2.976550556,19.35930333,75.00560209
5757,2.976881389,19.36128833,77.26794128
5758,2.977129167,19.362775,77.57550268
5759,2.977378611,19.36427167,76.34387309
5760,2.977626111,19.36575667,75.8959015
5761,2.977871667,19.36723,76.69543013
5762,2.978210278,19.36926167,77.36379442
5763,2.978541667,19.37125,78.77470679
5764,2.978793889,19.37276333,76.30720982
5765,2.979044167,19.374265,72.57945184
5766,2.979291944,19.37575167,72.96673511
5767,2.979540278,19.37724167,68.5373824
5768,2.979880556,19.37928333,64.58573355
5769,2.980211389,19.38126833,62.51040456
5770,2.980459444,19.38275667,60.85043378
5771,2.980706389,19.38423833,60.56253571
5772,2.980953889,19.38572333,60.69870866
5773,2.981206111,19.38723667,64.62210602
5774,2.981543611,19.38926167,68.61403978
5775,2.981873056,19.39123833,70.48865828
5776,2.982125278,19.39275167,67.72030159
5777,2.982372778,19.39423667,69.98412614
5778,2.982621667,19.39573,65.61092056
5779,2.982866389,19.39719833,66.48454177
5780,2.983202778,19.39921667,67.37216602
5781,2.983535278,19.4,71.05378079
5782,2.983782778,19.4,69.00384814
5783,2.9840325,19.4,63.13209567
5784,2.984281944,19.4,61.82481623
5785,2.984530556,19.4,61.27676242
5786,2.984863056,19.4,60.72867159
5787,2.985189167,19.4,60.17707921
5788,2.985438333,19.4,58.41169071
5789,2.985685278,19.4,54.60385623
5790,2.985933889,19.4,53.3584738
5791,2.986183333,19.4,53.12152665
5792,2.986520278,19.4,53.0838091
5793,2.986846667,19.4,51.71527929
5794,2.987095556,19.4,57.03103931
5795,2.987341944,19.4,55.67036739
5796,2.987589722,19.4,57.70919659
5797,2.987839167,19.4,55.27604258
5798,2.988170833,19.4,53.16683531
5799,2.988496944,19.4,55.21843686
5800,2.988744444,19.4,58.63405436
5801,2.988993056,19.4,60.50326148
5802,2.989239722,19.4,61.92588265
5803,2.989490278,19.4,60.3512967
5804,2.989831944,19.4,58.43843536
5805,2.990162778,19.4,60.27434609
5806,2.990409167,19.4,63.91787472
5807,2.990658056,19.4,67.22520233
5808,2.990908611,19.4,67.61061253
5809,2.991155833,19.4,69.04487357
5810,2.991498889,19.4,70.95852405
5811,2.991830278,19.4,72.54477424
5812,2.992076111,19.4,73.63408947
5813,2.992324722,19.4,75.24761671
5814,2.992574167,19.4,78.08181537
5815,2.992820833,19.4,76.14390442
5816,2.993158889,19.4,74.10413837
5817,2.993489722,19.4,75.34562973
5818,2.993734722,19.4,77.13730637
5819,2.993983056,19.4,77.87434472
5820,2.994230833,19.4,75.56821848
5821,2.994481111,19.4,72.69773221
5822,2.994818056,19.4,69.50449613
5823,2.995148056,19.4,67.94263575
5824,2.995396389,19.4,65.84932252
5825,2.995645278,19.4,64.42743986
5826,2.995897222,19.4,61.9295058
5827,2.996145,19.4,60.28168026
5828,2.996480278,19.4,59.0441943
5829,2.996811389,19.4,61.2909059
5830,2.997056944,19.4,60.88070376
5831,2.997303333,19.4,63.6217678
5832,2.997551111,19.4,64.08930504
5833,2.9978025,19.4,63.06126204
5834,2.998141389,19.4,62.31279401
5835,2.998471944,19.4,62.12836307
5836,2.998718889,19.4,60.6947818
5837,2.99897,19.4,59.22992347
5838,2.999217778,19.4,59.74552331
5839,2.9994675,19.4,60.7241667
5840,2.999804444,19.4,61.67722667
5841,3.000131667,19.40158,59.97608109
5842,3.000380278,19.40456333,59.54363274
5843,3.000628056,19.40753667,62.18203478
5844,3.000875556,19.41050667,62.10725515
5845,3.001125,19.4135,67.0739983
5846,3.001462778,19.41755333,72.27271066
5847,3.00179,19.42148,72.6204024
5848,3.002035,19.42442,74.87083827
5849,3.002280556,19.42736667,75.63010022
5850,3.002528333,19.43034,76.85035285
5851,3.002774444,19.43329333,77.71941324
5852,3.003105556,19.43726667,78.36101501
5853,3.0034275,19.44113,80.70220465
5854,3.0036725,19.44407,82.39805824
5855,3.003920833,19.44705,82.93504222
5856,3.004168333,19.45002,79.61991919
5857,3.004417222,19.45300667,76.50762956
5858,3.004748889,19.45698667,73.23032651
5859,3.005074722,19.46089667,75.20960452
5860,3.005321944,19.46386333,76.88619625
5861,3.005573611,19.46688333,75.02673367
5862,3.005823333,19.46988,78.1782528
5863,3.006072778,19.47287333,73.92303984
5864,3.006409167,19.47691,69.99085724
5865,3.00674,19.48088,75.02837745
5866,3.00699,19.48388,71.05830925
5867,3.007242222,19.48690667,72.13816713
5868,3.007490833,19.48989,80.85139392
5869,3.007736389,19.49283667,82.90851746
5870,3.008070278,19.49684333,84.58232382
5871,3.008396389,19.50075667,83.55373166
5872,3.008640278,19.50368333,83.2632084
5873,3.008887222,19.50664667,81.47033588
5874,3.009136389,19.50963667,77.39454962
5875,3.009386944,19.51264333,78.83889709
5876,3.009718889,19.51662667,80.48320085
5877,3.010043056,19.52051667,80.40570188
5878,3.010291389,19.52349667,84.13153113
5879,3.0105425,19.52651,83.98059519
5880,3.010790556,19.52948667,79.54111102
5881,3.01104,19.53248,76.97494554
5882,3.011378056,19.53653667,74.52206798
5883,3.011711389,19.54053667,73.56994578
5884,3.011960833,19.54353,72.27677872
5885,3.012207778,19.54649333,72.40271266
5886,3.012456944,19.54948333,69.50146185
5887,3.012705556,19.55246667,66.57246048
5888,3.013043889,19.55652667,63.48483212
5889,3.013375278,19.56050333,62.43922442
5890,3.013625833,19.56351,61.82866165
5891,3.0138725,19.56647,63.05850986
5892,3.014126389,19.56951667,63.76334634
5893,3.014375833,19.57251,68.66553059
5894,3.014718611,19.57662333,73.62696645
5895,3.015049444,19.58059333,70.59751129
5896,3.015297778,19.58357333,65.10549199
5897,3.015544722,19.58653667,64.61776227
5898,3.015791389,19.58949667,61.57967323
5899,3.016038333,19.59246,67.3124993
5900,3.016376944,19.59652333,72.64791535
5901,3.016706111,19.60023667,67.56048051
5902,3.016952778,19.60171667,67.49957089
5903,3.017201111,19.60320667,63.75642254
5904,3.017449722,19.60469833,65.81588509
5905,3.017698333,19.60619,63.08680148
5906,3.018033611,19.60820167,60.60007691
5907,3.018363611,19.61018167,64.6428447
5908,3.018610278,19.61166167,65.81650804
5909,3.018856111,19.61313667,63.64484406
5910,3.019101667,19.61461,61.8581977
5911,3.019351389,19.61610833,63.34652356
5912,3.019689444,19.61813667,64.66243135
5913,3.020020278,19.62012167,64.49915777
5914,3.020266944,19.62160167,62.38768167
5915,3.020516389,19.62309833,65.60045302
5916,3.020765833,19.624595,65.71567677
5917,3.021015278,19.62609167,63.91516312
5918,3.021351389,19.62810833,62.16837234
5919,3.021679444,19.63007667,64.54501556
5920,3.021927222,19.63156333,61.86995384
5921,3.0221775,19.633065,62.70036344
5922,3.022428611,19.63457167,65.93067337
5923,3.022680278,19.63608167,65.5239042
5924,3.023014722,19.63808833,64.68006012
5925,3.023342222,19.64005333,66.08161291
5926,3.023588333,19.64153,67.53648125
5927,3.023837778,19.64302667,66.96661151
5928,3.024088056,19.64452833,69.16500995
5929,3.0243375,19.646025,67.43914309
5930,3.024670833,19.648025,66.31267941
5931,3.024996667,19.64998,66.12751476
5932,3.025241389,19.65144833,71.38689355
5933,3.025486389,19.65291833,71.55115659
5934,3.025732222,19.65439333,69.88022779
5935,3.025983056,19.65589833,72.9246906
5936,3.026320278,19.65792167,75.41870602
5937,3.026647222,19.65988333,75.48770978
5938,3.026896944,19.66138167,78.58255099
5939,3.027142778,19.66285667,80.55890242
5940,3.027388611,19.66433167,76.89396823
5941,3.027635278,19.66581167,79.29562615
5942,3.027970556,19.66782333,81.61365222
5943,3.028300278,19.66980167,82.23753088
5944,3.028550556,19.67130333,78.78199511
5945,3.028802222,19.67281333,78.28678881
5946,3.029050556,19.67430333,79.69302023
5947,3.0292975,19.675785,82.30028996
5948,3.029631667,19.67779,85.10961094
5949,3.029957222,19.67974333,86.17912762
5950,3.030205556,19.68123333,90.36505062
5951,3.030453333,19.68272,95.17280185
5952,3.0307,19.6842,95.66282322
5953,3.030945833,19.685675,92.12512994
5954,3.0312775,19.687665,88.5021452
5955,3.031604722,19.68962833,89.93223889
5956,3.031852222,19.69111333,91.38473373
5957,3.032101389,19.69260833,93.56549144
5958,3.032348056,19.69408833,95.07038749
5959,3.032595,19.69557,96.16156391
5960,3.032933889,19.69760333,96.91135487
5961,3.033261389,19.69956833,98.23997503
5962,3.033509722,19.70105833,93.24507567
5963,3.033759167,19.702555,93.61383714
5964,3.034007778,19.70404667,97.31039296
5965,3.034252778,19.70551667,101.0657428
5966,3.034588889,19.70753333,104.9051698
5967,3.0349175,19.709505,104.6878652
5968,3.035166944,19.71100167,100.4253428
5969,3.0354175,19.712505,102.1087525
5970,3.035667222,19.71400333,106.6418499
5971,3.035915556,19.71549333,109.3701253
5972,3.03625,19.7175,111.8418349
5973,3.036577778,19.71946667,110.3005547
5974,3.036827222,19.72096333,110.9938877
5975,3.037077778,19.72246667,117.3625544
5976,3.037326667,19.72396,114.3940688
5977,3.037573056,19.72543833,116.4970092
5978,3.037905,19.72743,118.6565469
5979,3.038236389,19.72941833,117.7528081
5980,3.038481389,19.73088833,122.727717
5981,3.03873,19.73238,123.1271543
5982,3.038979444,19.73387667,118.1169205
5983,3.039228611,19.73537167,115.4276739
5984,3.039556944,19.73734167,112.4730084
5985,3.039876389,19.73925833,117.7715721
5986,3.040122778,19.74073667,116.1313189
5987,3.040370833,19.742225,118.3632903
5988,3.040618611,19.74371167,125.0547094
5989,3.040866944,19.74520167,127.6838882
5990,3.041207222,19.74724333,130.097285
5991,3.041541389,19.74924833,133.7847382
5992,3.041789444,19.75073667,130.8862278
5993,3.042035833,19.752215,128.5656693
5994,3.042285556,19.75371333,122.1496488
5995,3.042534722,19.75520833,122.2469353
5996,3.04287,19.75722,122.3823555
5997,3.0432025,19.759215,122.0840755
5998,3.043451944,19.76071167,126.0574261
5999,3.043698056,19.76218833,125.3026434
6000,3.043948611,19.76369167,121.5397743
6001,3.044200556,19.76520333,120.1108376
6002,3.044535556,19.76721333,118.7534738
6003,3.044863611,19.76918167,119.5217942
6004,3.045109722,19.77065833,120.4014581
6005,3.0453575,19.772145,120.7111544
6006,3.045605833,19.773635,115.5200016
6007,3.045853333,19.77512,115.0089962
6008,3.046186111,19.77711667,114.0469342
6009,3.046515833,19.779095,111.0656713
6010,3.046764722,19.78058833,107.8156337
6011,3.047012778,19.78207667,109.6589504
6012,3.047262222,19.78357333,112.4212753
6013,3.047511111,19.78506667,110.9278564
6014,3.047843333,19.78706,109.7030611
6015,3.048166944,19.78900167,106.2311425
6016,3.048412222,19.79047333,104.9930408
6017,3.048661667,19.79197,103.1491791
6018,3.048910833,19.793465,98.11009401
6019,3.049163889,19.79498333,103.9017262
6020,3.049493889,19.79696333,109.3763043
6021,3.049821944,19.79893167,102.6047763
6022,3.050071944,19.8,101.7965101
6023,3.050320833,19.8,99.48654536
6024,3.050568611,19.8,95.92702636
6025,3.050813333,19.8,95.31957774
6026,3.051152222,19.8,94.70206072
6027,3.051482222,19.8,99.44525615
6028,3.051730833,19.8,100.6543945
6029,3.051978333,19.8,99.52837448
6030,3.0522275,19.8,99.38309749
6031,3.0524775,19.8,103.5168269
6032,3.05281,19.8,107.7323234
6033,3.053137222,19.8,109.0365022
6034,3.053384722,19.8,100.6458211
6035,3.053634167,19.8,101.6011176
6036,3.053883611,19.8,104.3483492
6037,3.054136667,19.8,107.4508586
6038,3.054471944,19.8,110.3387315
6039,3.054801111,19.8,106.4126004
6040,3.055048333,19.8,102.2825294
6041,3.055294444,19.8,102.8267488
6042,3.0555425,19.8,103.8428064
6043,3.055793333,19.8,100.7630227
6044,3.056126389,19.8,97.33512831
6045,3.056451667,19.8,96.60251699
6046,3.056701389,19.8,88.86678304
6047,3.056955556,19.8,84.79835343
6048,3.057208611,19.8,87.57304093
6049,3.057456111,19.8,87.15175511
6050,3.057791389,19.8,86.90727821
6051,3.058120556,19.8,81.97708448
6052,3.058367222,19.8,83.51565925
6053,3.058614722,19.8,83.04371937
6054,3.058859722,19.8,81.20395414
6055,3.059106389,19.8,89.00403198
6056,3.059442778,19.8,96.39092925
6057,3.059771389,19.8,97.03381956
6058,3.060015556,19.8,95.56179163
6059,3.060261667,19.8,89.01380514
6060,3.060510833,19.8,88.60661311
6061,3.060763889,19.8,95.70423989
6062,3.061100278,19.8,103.0664628
6063,3.061429167,19.8,103.3718857
6064,3.061675,19.8,100.647843
6065,3.061921389,19.8,100.7655664
6066,3.062168056,19.8,103.2104176
6067,3.062417778,19.8,107.9557783
6068,3.062756944,19.8,112.5417757
6069,3.063090278,19.8,109.8679429
6070,3.063337778,19.8,115.3988387
6071,3.063584444,19.8,118.1853244
6072,3.063831111,19.8,119.3536604
6073,3.064077222,19.8,116.9753246
6074,3.064410556,19.8,114.6884962
6075,3.064738889,19.8,111.3983003
6076,3.064987222,19.8,110.9187874
6077,3.065236389,19.8,110.392047
6078,3.065486111,19.8,113.4914739
6079,3.065734722,19.8,115.2438376
6080,3.066066667,19.8,116.394538
6081,3.066393611,19.8,113.0189815
6082,3.066642222,19.8,104.6273117
6083,3.066893611,19.80272333,100.3058142
6084,3.067143889,19.80572667,100.8431749
6085,3.067391944,19.80870333,95.36004001
6086,3.067719444,19.81263333,89.78073233
6087,3.068042778,19.81651333,84.4712829
6088,3.068288333,19.81946,78.92444765
6089,3.068535278,19.82242333,78.14971912
6090,3.06878,19.82536,80.89939018
6091,3.069027778,19.82833333,81.65706346
6092,3.069360278,19.83232333,82.53536756
6093,3.069687778,19.83625333,78.37366464
6094,3.069938611,19.83926333,76.03659085
6095,3.070186389,19.84223667,79.86660955
6096,3.070431389,19.84517667,80.26689441
6097,3.070678056,19.84813667,82.90850566
6098,3.071011667,19.85214,85.92037681
6099,3.071338611,19.85606333,86.66608035
6100,3.071585556,19.85902667,88.17166753
6101,3.071831111,19.86197333,89.83008884
6102,3.072078056,19.86493667,80.00421924
6103,3.072324722,19.86789667,77.17299371
6104,3.072661667,19.87194,74.18244115
6105,3.072991667,19.8759,73.50024714
6106,3.073240278,19.87888333,80.31610105
6107,3.073486944,19.88184333,82.53125524
6108,3.073731111,19.88477333,81.23388955
6109,3.073979444,19.88775333,85.50075474
6110,3.074319167,19.89183,89.46271136
6111,3.07465,19.8958,88.70318856
6112,3.074898889,19.89878667,90.28332341
6113,3.075144722,19.90173667,87.94801771
6114,3.075392222,19.90470667,85.02191413
6115,3.075643333,19.90772,82.70215035
6116,3.075978611,19.91174333,80.37019115
6117,3.076310278,19.91572333,80.2312686
6118,3.076557778,19.91869333,81.55191545
6119,3.076802222,19.92162667,80.78551111
6120,3.077050278,19.92460333,79.66862433
6121,3.0773,19.9276,81.46937595
6122,3.077635278,19.93162333,83.0483997
6123,3.077965833,19.93559,82.03542746
6124,3.078213889,19.93856667,84.6419834
6125,3.078463056,19.94155667,83.36234091
6126,3.078711667,19.94454,83.79510243
6127,3.078959444,19.94751333,78.66115027
6128,3.079297222,19.95156667,73.60584849
6129,3.079625278,19.95550333,74.10015902
6130,3.079871111,19.95845333,73.56999664
6131,3.080118889,19.96142667,72.54601246
6132,3.080363611,19.96436333,72.68776541
6133,3.080609444,19.96731333,57.78029063
6134,3.080942222,19.97130667,42.94385428
6135,3.081269444,19.97523333,49.55296115
6136,3.081516667,19.9782,52.12174922
6137,3.081765278,19.98118333,50.57124467
6138,3.082014167,19.98417,45.55494843
6139,3.082261667,19.98714,43.39007917
6140,3.0826025,19.99123,41.15689613
6141,3.082935833,19.99523,40.82827401
6142,3.0831825,19.99819,37.66329013
6143,3.083430278,20.00116333,39.36248854
6144,3.083676667,20.00412,38.2442823
6145,3.083928056,20.00713667,41.1732213
6146,3.084263611,20.01116333,43.84437603
6147,3.084588889,20.01506667,46.09462278
6148,3.0848375,20.01805,44.13463404
6149,3.085085833,20.02103,41.47067083
6150,3.0853325,20.02399,41.10618137
6151,3.085577778,20.02693333,42.36488991
6152,3.085912222,20.03094667,44.04653794
6153,3.086245556,20.03494667,42.31633466
6154,3.086499444,20.03799333,40.80884649
6155,3.086750833,20.04101,36.78190411
6156,3.086999444,20.04399333,43.74663626
6157,3.087246111,20.04695333,43.99343934
6158,3.087581389,20.05097667,44.25332909
6159,3.087909167,20.05491,42.14196341
6160,3.088154167,20.05785,46.48804448
6161,3.088400833,20.06081,48.12667037
6162,3.088648333,20.06378,48.80727461
6163,3.088896944,20.06676333,41.38532164
6164,3.089228611,20.07074333,33.92933785
6165,3.089552222,20.07462667,37.76789577
6166,3.089799722,20.07759667,33.31252617
6167,3.0900475,20.08057,39.70526224
6168,3.090295278,20.08354333,45.23550743
6169,3.090541944,20.08650333,51.49720403
6170,3.090885556,20.09062667,57.52650619
6171,3.091218333,20.09462,54.35819758
6172,3.091466389,20.09759667,52.51202735
6173,3.091713333,20.10056,50.00830768
6174,3.091962778,20.10355333,49.65167075
6175,3.092211389,20.10653667,51.70591853
6176,3.092551389,20.11061667,53.84511458
6177,3.092882778,20.11459333,56.03417466
6178,3.093128056,20.11753667,57.81530328
6179,3.093374444,20.12049333,51.81732803
6180,3.093620278,20.12344333,54.02233302
6181,3.093868056,20.12641667,58.0994838
6182,3.094206111,20.13047333,62.3224324
6183,3.094533056,20.13439667,64.51655846
6184,3.094781944,20.13738333,67.39039289
6185,3.095032778,20.14039333,71.51241377
6186,3.095280278,20.14336333,75.44488588
6187,3.095529722,20.14635667,78.62738034
6188,3.095861389,20.15033667,81.58045819
6189,3.096188611,20.15426333,81.06982394
6190,3.096437222,20.15724667,86.78791749
6191,3.096684722,20.16021667,88.77775337
6192,3.096930556,20.16316667,90.0731093
6193,3.097178333,20.16614,90.45798751
6194,3.09751,20.17012,91.14365035
6195,3.097834167,20.17401,90.65511272
6196,3.098081111,20.17697333,88.90896966
6197,3.098330556,20.17996667,85.66418661
6198,3.098582222,20.18298667,91.95559338
6199,3.098833056,20.18599667,97.52963726
6200,3.099168333,20.19002,102.7377318
6201,3.099493611,20.19392333,102.1465756
6202,3.099740556,20.19688667,101.3174082
6203,3.09999,20.19988,99.61040012
6204,3.100236944,20.20142167,97.83576693
6205,3.100485,20.20291,91.65204749
6206,3.100819444,20.20491667,85.49649348
6207,3.101148889,20.20689333,79.63162984
6208,3.101397778,20.20838667,85.44141488
6209,3.1016475,20.209885,86.63325571
6210,3.101893333,20.21136,86.09676999
6211,3.1021425,20.212855,86.35559664
6212,3.102477222,20.21486333,86.56139079
6213,3.102805,20.21683,87.75926446
6214,3.103051111,20.21830667,87.43030692
6215,3.103300556,20.21980333,90.03825305
6216,3.10355,20.2213,93.98608999
6217,3.103795833,20.222775,95.37544
6218,3.104126389,20.22475833,96.91384162
6219,3.104456389,20.22673833,102.7995494
6220,3.104703333,20.22822,103.535223
6221,3.1049525,20.229715,103.3414819
6222,3.105198333,20.23119,101.5704982
6223,3.105446111,20.23267667,98.29493386
6224,3.105778333,20.23467,94.99838163
6225,3.106106667,20.23664,91.36687017
6226,3.106355,20.23813,97.44324122
6227,3.1066025,20.239615,102.7455283
6228,3.106851944,20.24111167,97.33755707
6229,3.1071,20.2426,103.4700651
6230,3.107436111,20.24461667,108.8837941
6231,3.107765833,20.246595,107.1241858
6232,3.108010556,20.24806333,108.5836278
6233,3.108256667,20.24954,108.8781762
6234,3.108506111,20.25103667,108.1296672
6235,3.108758056,20.25254833,105.9618816
6236,3.109097222,20.25458333,103.944617
6237,3.109427778,20.25656667,104.9561574
6238,3.1096775,20.258065,107.1866393
6239,3.109923333,20.25954,103.6614293
6240,3.110170278,20.26102167,105.2446462
6241,3.110419167,20.262515,108.4541181
6242,3.110761111,20.26456667,111.2941754
6243,3.1111,20.2666,112.4766235
6244,3.111347778,20.26808667,112.0542422
6245,3.111593611,20.26956167,114.6522821
6246,3.111841389,20.27104833,121.3830923
6247,3.112091667,20.27255,117.1462172
6248,3.112431389,20.27458833,112.7330979
6249,3.1127625,20.276575,116.7686179
6250,3.113010833,20.278065,121.0471091
6251,3.113257778,20.27954667,117.3871239
6252,3.113506111,20.28103667,112.6905542
6253,3.113755556,20.28253333,105.6760963
6254,3.114090556,20.28454333,98.50884645
6255,3.114420833,20.286525,105.1550843
6256,3.114671389,20.28802833,109.0380923
6257,3.114918611,20.28951167,107.8726295
6258,3.115167222,20.29100333,110.1076271
6259,3.115415,20.29249,108.90645
6260,3.115742778,20.29445667,107.5836354
6261,3.116068056,20.29640833,109.378331
6262,3.116314167,20.297885,107.3835429
6263,3.116561667,20.29937,110.3327017
6264,3.116807222,20.29915667,108.5045469
6265,3.117053333,20.29768,109.290549
6266,3.117383333,20.2957,109.8569741
6267,3.117708333,20.29375,112.3020727
6268,3.117956944,20.29225833,114.0930485
6269,3.118206667,20.29076,110.1635218
6270,3.118453889,20.28927667,109.0397249
6271,3.118705,20.28777,112.8504868
6272,3.119047778,20.28571333,116.6377617
6273,3.119380556,20.28371667,114.861442
6274,3.11963,20.28222,115.2869668
6275,3.119878611,20.28072833,113.1563452
6276,3.120128889,20.27922667,118.1015592
6277,3.120374722,20.27775167,110.9259807
6278,3.120709167,20.275745,103.7404966
6279,3.121037778,20.27377333,97.93660914
6280,3.121286667,20.27228,97.53394913
6281,3.121536111,20.27078333,100.3722789
6282,3.121786667,20.26928,102.5532419
6283,3.122039444,20.26776333,97.71390515
6284,3.122378611,20.26572833,92.81435776
6285,3.122708333,20.26375,95.83661083
6286,3.122957778,20.26225333,95.27571327
6287,3.123206389,20.26076167,99.10040949
6288,3.123455,20.25927,101.6815703
6289,3.123704167,20.257775,99.5170347
6290,3.1240425,20.255745,96.84330938
6291,3.124369444,20.25378333,97.2403063
6292,3.124614722,20.25231167,92.63719955
6293,3.124861944,20.25082833,92.0373149
6294,3.125113611,20.24931833,92.18475032
6295,3.125361667,20.24783,86.62333988
6296,3.125696944,20.24581833,81.23714258
6297,3.126027778,20.24383333,77.50186602
6298,3.126275556,20.24234667,82.28228115
6299,3.126521667,20.24087,84.96958128
6300,3.126767222,20.23939667,81.00164887
6301,3.1270175,20.237895,83.32463293
6302,3.127358333,20.23585,85.56188815
6303,3.127689444,20.23386333,87.54213413
6304,3.127940556,20.23235667,91.19356535
6305,3.128189722,20.23086167,92.25013684
6306,3.128442778,20.22934333,95.01020239
6307,3.1286925,20.227845,94.0545374
6308,3.129026667,20.22584,93.00843344
6309,3.129353333,20.22388,90.3774645
6310,3.129600556,20.22239667,89.69645154
6311,3.129847222,20.22091667,89.1631133
6312,3.130095,20.21943,85.80249262
6313,3.130343611,20.21793833,82.60193762
6314,3.130676389,20.21594167,79.32454117
6315,3.131000556,20.21399667,78.47590622
6316,3.13125,20.2125,79.4060416
6317,3.131498611,20.21100833,78.97240937
6318,3.131746111,20.20952333,80.07183539
6319,3.131993611,20.20803833,76.59144644
6320,3.132328889,20.20602667,72.99096453
6321,3.132658889,20.20404667,80.01431589
6322,3.1329075,20.202555,83.10189637
6323,3.133155833,20.201065,84.03913872
6324,3.133403889,20.20169333,82.80736294
6325,3.133653333,20.20768,83.44982657
6326,3.133992778,20.21582667,84.22116055
6327,3.134326389,20.22383333,76.35492959
6328,3.134576944,20.22984667,78.77702146
6329,3.134827222,20.23585333,81.37411234
6330,3.135075833,20.24182,75.55328057
6331,3.135328056,20.24787333,75.81759404
6332,3.135663333,20.25592,76.13641137
6333,3.135995278,20.26388667,79.74901498
6334,3.13625,20.27,78.68669202
6335,3.136500278,20.27600667,82.95530654
6336,3.13675,20.282,86.85040509
6337,3.136998333,20.28796,91.78359119
6338,3.1373275,20.29586,96.48780511
6339,3.137652778,20.30366667,91.86738831
6340,3.137901111,20.30962667,91.4194574
6341,3.138149722,20.31559333,91.56629715
6342,3.138398056,20.32155333,91.43426805
6343,3.138644167,20.32746,83.61137292
6344,3.138981111,20.33554667,76.20109412
6345,3.139311111,20.34346667,75.05414832
6346,3.139562222,20.34949333,75.28114106
6347,3.1398125,20.3555,80.00921356
6348,3.140060278,20.36144667,74.97920359
6349,3.140307222,20.36737333,76.26604137
6350,3.140648889,20.37557333,76.92072852
6351,3.140983056,20.38359333,76.95785383
6352,3.141232778,20.38958667,73.11385129
6353,3.141481111,20.39554667,72.41624914
6354,3.141729444,20.40150667,69.13654466
6355,3.1419775,20.40746,70.60971499
6356,3.1423125,20.4155,71.98678387
6357,3.142644167,20.42346,71.63051874
6358,3.142889167,20.42934,72.13497939
6359,3.143135833,20.43526,66.78699121
6360,3.14338,20.44112,64.91330979
6361,3.143629167,20.4471,63.88367534
6362,3.143965556,20.45517333,62.65768381
6363,3.144299167,20.46318,65.56572895
6364,3.144548611,20.46916667,65.23378979
6365,3.144798889,20.47517333,62.25375197
6366,3.145048333,20.48116,64.60670204
6367,3.145295833,20.4871,68.36927446
6368,3.145634167,20.49522,72.09516127
6369,3.145961944,20.50308667,70.61936246
6370,3.146209722,20.50903333,73.68076928
6371,3.146458056,20.51499333,69.73381456
6372,3.146706667,20.52096,66.23595138
6373,3.146956667,20.52696,67.60767579
6374,3.147291667,20.535,68.97066569
6375,3.14762,20.54288,65.91840514
6376,3.147864722,20.54875333,68.11947991
6377,3.148111389,20.55467333,66.32766664
6378,3.148360833,20.56066,68.44099553
6379,3.1486075,20.56658,65.31323197
6380,3.148941944,20.57460667,62.38090431
6381,3.149271944,20.58252667,63.36602147
6382,3.149520556,20.58849333,66.53848916
6383,3.149766944,20.59440667,66.53410887
6384,3.150013889,20.6,64.66573005
6385,3.150265278,20.6,64.45334057
6386,3.150603889,20.6,64.08047555
6387,3.150933056,20.6,62.72766269
6388,3.151180556,20.6,64.85798086
6389,3.151428333,20.6,61.92110913
6390,3.151675,20.6,65.85638833
6391,3.1519225,20.6,74.18021819
6392,3.152257778,20.6,81.92704409
6393,3.152588611,20.6,82.25743653
6394,3.152837222,20.6,79.91426463
6395,3.153082778,20.6,81.16271072
6396,3.15333,20.6,87.31934076
6397,3.153580833,20.6,85.11687296
6398,3.153915556,20.6,83.32805651
6399,3.154242778,20.6,75.98029902
6400,3.154491111,20.6,72.83308262
6401,3.154738889,20.6,75.01477962
6402,3.154984444,20.6,81.7520977
6403,3.155233056,20.6,86.33243734
6404,3.155569167,20.6,90.71528155
6405,3.155894722,20.6,91.69691161
6406,3.156141111,20.6,91.98731341
6407,3.156391389,20.6,94.68624309
6408,3.156640278,20.6,94.61786814
6409,3.156890556,20.6,90.89960619
6410,3.157223056,20.6,87.00736227
6411,3.157549444,20.6,89.14142751
6412,3.157798056,20.6,84.22946141
6413,3.1580475,20.6,87.04208267
6414,3.158296667,20.6,86.93229047
6415,3.158544444,20.6,76.80617408
6416,3.158882778,20.6,66.99981017
6417,3.159214167,20.6,62.8088294
6418,3.159461944,20.6,69.478135
6419,3.159708611,20.6,76.72786154
6420,3.159957222,20.6,74.83129804
6421,3.160208333,20.6,75.53550681
6422,3.1605475,20.6,76.2076648
6423,3.160882778,20.6,78.71559927
6424,3.161130556,20.6,78.26325949
6425,3.161376389,20.6,78.89429048
6426,3.161625556,20.6,78.93416862
6427,3.161873333,20.6,78.39214871
6428,3.162214167,20.6,77.84673774
6429,3.162544722,20.6,77.82639416
6430,3.162789722,20.6,72.94870559
6431,3.163039167,20.6,77.5513746
6432,3.163289722,20.6,81.19798556
6433,3.163538333,20.6,81.68204071
6434,3.163872778,20.6,81.63537711
6435,3.164201389,20.6,78.99121396
6436,3.164448333,20.6,78.14796533
6437,3.164695556,20.6,72.70096895
6438,3.164944167,20.6,74.40646111
6439,3.165191944,20.6,67.63955626
6440,3.165522778,20.6,60.94872135
6441,3.165850833,20.6,70.19070279
6442,3.166098611,20.6,77.61381969
6443,3.166346111,20.6,74.59147227
6444,3.166596111,20.6,80.43628889
6445,3.166844722,20.603205,84.00776901
6446,3.167174722,20.609145,87.2576704
6447,3.167503056,20.615055,85.04999626
6448,3.167754722,20.619585,84.17526319
6449,3.168001389,20.624025,86.35003861
6450,3.168249444,20.62849,85.78866525
6451,3.168496944,20.632945,85.65101379
6452,3.168829722,20.638935,85.78113437
6453,3.16916,20.64488,86.47982639
6454,3.169408889,20.64936,82.64749521
6455,3.169658056,20.653845,85.41458745
6456,3.169903889,20.65827,89.95733685
6457,3.17015,20.6627,92.77193164
6458,3.170493333,20.66888,95.7086755
6459,3.170829444,20.67493,81.55269357
6460,3.17108,20.67944,85.2124585
6461,3.171328889,20.68392,87.78165874
6462,3.171581667,20.68847,84.04144604
6463,3.171835833,20.693045,78.21176299
6464,3.172167222,20.69901,72.24973129
6465,3.172495556,20.70492,77.89393914
6466,3.172744167,20.709395,81.18309745
6467,3.172991667,20.71385,85.17642118
6468,3.173238611,20.718295,83.75002221
6469,3.173486667,20.72276,81.06853642
6470,3.173827778,20.7289,77.97618881
6471,3.174161111,20.7349,80.86737244
6472,3.174409722,20.739375,81.47271907
6473,3.174657222,20.74383,74.73699309
6474,3.174906944,20.748325,76.67689002
6475,3.175158056,20.752845,84.88115146
6476,3.175495278,20.758915,93.19761171
6477,3.175825833,20.764865,94.74761444
6478,3.176077222,20.76939,95.61617955
6479,3.176327778,20.7739,95.4344931
6480,3.176574444,20.77834,92.79836169
6481,3.176823056,20.782815,91.47713075
6482,3.177165,20.78897,89.73470897
6483,3.177498333,20.79497,91.62188569
6484,3.177746111,20.79943,95.51873962
6485,3.177996389,20.803935,90.50277317
6486,3.178242778,20.80837,90.00977723
6487,3.178490556,20.81283,94.89771645
6488,3.178828611,20.818915,99.92194867
6489,3.179161944,20.824915,102.1955063
6490,3.179407778,20.82934,105.0555374
6491,3.179653889,20.83377,107.3056088
6492,3.179901389,20.838225,109.2520393
6493,3.180152778,20.84275,112.0261948
6494,3.180489722,20.848815,114.7140354
6495,3.180820278,20.854765,111.9867132
6496,3.181065278,20.859175,113.9588152
6497,3.181310278,20.863585,112.4521392
6498,3.181555833,20.868005,112.9945903
6499,3.181801111,20.87242,105.2767951
6500,3.1821375,20.878475,97.7386724
6501,3.182468056,20.884425,95.8369706
6502,3.182713889,20.88885,96.02125525
6503,3.182961389,20.893305,94.79410819
6504,3.18321,20.89778,97.98969547
6505,3.1834575,20.9,97.58185626
6506,3.183788333,20.9,96.7136887
6507,3.184113889,20.9,92.10806565
6508,3.184361111,20.9,90.47602666
6509,3.184611667,20.9,89.55692606
6510,3.184860278,20.9,93.46537656
6511,3.185108056,20.9,98.03667506
6512,3.185439722,20.9,102.287438
6513,3.185763056,20.9,102.9929359
6514,3.186007778,20.9,103.5117277
6515,3.186253889,20.9,104.6265113
6516,3.1865025,20.9,108.9224622
6517,3.186749722,20.9,109.8781365
6518,3.187093333,20.9,111.0884609
6519,3.187429444,20.9,106.4312039
6520,3.187677222,20.9,110.6107587
6521,3.187928333,20.9,110.6212004
6522,3.188178889,20.9,117.0711909
6523,3.188426389,20.9,118.8226569
6524,3.188758333,20.9,120.2041884
6525,3.189085278,20.9,120.7988828
6526,3.189330278,20.9,121.1307325
6527,3.189579722,20.9,122.1841324
6528,3.189829444,20.9,124.1472503
6529,3.190077778,20.9,123.8009224
6530,3.190415,20.9,123.6821206
6531,3.190746667,20.9,122.942629
6532,3.190997222,20.9,116.6457776
6533,3.1912475,20.9,114.2489907
6534,3.191496944,20.9,115.0972368
6535,3.191744167,20.9,110.5127412
6536,3.192077778,20.9,105.8661699
6537,3.192407778,20.9,106.2107416
6538,3.192655278,20.9,108.4002945
6539,3.192901111,20.9,109.7914487
6540,3.193148056,20.9,110.9281466
6541,3.193394722,20.9,111.4334641
6542,3.193724444,20.9,111.5274985
6543,3.194050556,20.9,111.9558564
6544,3.194298333,20.9,107.9771529
6545,3.194547778,20.9,104.0265896
6546,3.1947975,20.9,105.6368566
6547,3.195047778,20.9,103.369564
6548,3.195382778,20.9,101.342974
6549,3.195712778,20.9,106.4507602
6550,3.195959167,20.9,104.6248919
6551,3.196208056,20.9,106.6237085
6552,3.196455556,20.9,110.7007024
6553,3.196702222,20.9,115.2919035
6554,3.197037778,20.9,119.4234496
6555,3.197366667,20.9,114.5827065
6556,3.197611389,20.9,112.5889056
6557,3.197856389,20.9,101.30755
6558,3.1981025,20.9,107.3734074
6559,3.198354167,20.9,106.4943895
6560,3.198690556,20.9,105.6980946
6561,3.199015833,20.9,110.7027025
6562,3.199263611,20.9,114.9645086
6563,3.199515,20.9,106.6280399
6564,3.199764444,20.9,112.9318323
6565,3.200012778,20.90007667,112.535986
6566,3.200349167,20.902095,111.759272
6567,3.200676944,20.90406167,112.9200467
6568,3.200921944,20.90553167,108.0493251
6569,3.201169444,20.90701667,108.7621151
6570,3.201421944,20.90853167,113.1440278
6571,3.201675833,20.910055,110.8025644
6572,3.202006667,20.91204,108.4301378
6573,3.202334722,20.91400833,108.4523866
6574,3.2025825,20.915495,105.0832666
6575,3.20283,20.91698,106.3670013
6576,3.203076667,20.91846,101.6171354
6577,3.203326944,20.91996167,96.97269245
6578,3.203659722,20.92195833,92.44562804
6579,3.203984167,20.923905,83.0619959
6580,3.204230833,20.925385,80.86510336
6581,3.204478333,20.92687,81.50333588
6582,3.204726667,20.92836,75.29951644
6583,3.204977222,20.92986333,71.57444859
6584,3.205308056,20.93184833,67.88663317
6585,3.205636111,20.93381667,70.80980081
6586,3.205885278,20.93531167,70.86101949
6587,3.206132778,20.93679667,66.47440471
6588,3.206380556,20.93828333,65.18523007
6589,3.206629167,20.939775,63.54079121
6590,3.206967222,20.94180333,61.42401034
6591,3.207295278,20.94377167,66.776424
6592,3.207548333,20.94529,64.54138676
6593,3.207798056,20.94678833,58.80794569
6594,3.208045556,20.94827333,57.05257453
6595,3.208294722,20.94976833,65.8449608
6596,3.208632222,20.95179333,74.81500489
6597,3.208959444,20.95375667,75.83445637
6598,3.209207778,20.95524667,75.69253199
6599,3.209456389,20.95673833,77.00740717
6600,3.209705833,20.958235,76.2233829
6601,3.209953333,20.95972,77.71608026
6602,3.210282222,20.96169333,79.20175977
6603,3.210603889,20.96362333,86.94011575
6604,3.210848889,20.96509333,89.02863951
6605,3.211094444,20.96656667,84.7677394
6606,3.2113425,20.968055,86.14277803
6607,3.211590833,20.969545,87.58648299
6608,3.211926389,20.97155833,88.60891636
6609,3.212255278,20.97353167,90.2759909
6610,3.212503611,20.97502167,92.28464448
6611,3.212749444,20.97649667,94.70637362
6612,3.212995278,20.97797167,101.1609642
6613,3.213241111,20.97944667,104.7008189
6614,3.213578056,20.98146833,108.2398442
6615,3.213904722,20.98342833,108.965657
6616,3.214151944,20.98491167,105.9411267
6617,3.214399444,20.98639667,102.8604115
6618,3.214645556,20.98787333,102.1569455
6619,3.214892222,20.98935333,101.726071
6620,3.215220278,20.99132167,101.5042123
6621,3.215544722,20.99326833,101.2634582
6622,3.215791389,20.99474833,92.62312669
6623,3.216036389,20.99621833,93.88672298
6624,3.216281111,20.99768667,91.82823542
6625,3.216529722,20.99917833,92.14495822
6626,3.216865,21.00357,91.84951964
6627,3.217193889,21.00949,89.58596074
6628,3.217440556,21.01393,86.6332836
6629,3.217684444,21.01832,87.76049373
6630,3.2179325,21.022785,86.28131628
6631,3.218181389,21.027265,83.03952318
6632,3.218518889,21.03334,80.06329729
6633,3.218847778,21.03926,86.81102768
6634,3.219092778,21.04367,88.59683758
6635,3.219340556,21.04813,87.22665892
6636,3.219588056,21.052585,82.63694347
6637,3.219835278,21.057035,83.29771352
6638,3.220164444,21.06296,83.87579806
6639,3.220486389,21.068755,81.27524648
6640,3.220734444,21.07322,87.27634242
6641,3.220983333,21.0777,85.73011041
6642,3.221230556,21.08215,87.75890129
6643,3.2214775,21.086595,86.07943428
6644,3.221812778,21.09263,84.09500224
6645,3.222143611,21.098585,82.15216113
6646,3.222389444,21.10301,80.4167962
6647,3.222638889,21.1075,79.04383104
6648,3.2228875,21.111975,81.17074243
6649,3.223135,21.11643,81.00448768
6650,3.223467778,21.12242,80.88032605
6651,3.223798333,21.12837,77.90123547
6652,3.224047222,21.13285,67.92181196
6653,3.224295833,21.137325,70.08754056
6654,3.224544167,21.141795,72.39747889
6655,3.224796389,21.146335,75.28727567
6656,3.225135278,21.152435,78.18746304
6657,3.225464167,21.158355,77.4003868
6658,3.225710833,21.162795,79.9023466
6659,3.225961389,21.167305,75.29402939
6660,3.226210833,21.171795,75.87469517
6661,3.226456667,21.17622,80.16971021
6662,3.226787222,21.18217,84.08829807
6663,3.227115278,21.188075,83.01268228
6664,3.227364722,21.192565,81.05868995
6665,3.227611389,21.197005,76.90625091
6666,3.2278575,21.201435,77.93180736
6667,3.228108333,21.20595,76.80363173
6668,3.228446667,21.21204,76.18666455
6669,3.2287775,21.217995,81.02253435
6670,3.229028611,21.222515,80.15953235
6671,3.229276667,21.22698,80.47447918
6672,3.229525833,21.231465,82.1315761
6673,3.2297725,21.235905,84.24240225
6674,3.230107778,21.24194,85.90649432
6675,3.230437778,21.24788,82.79528455
6676,3.230684444,21.25232,82.36951191
6677,3.230931944,21.256775,80.62992753
6678,3.231179444,21.26123,87.22061509
6679,3.231427222,21.26569,89.45706521
6680,3.231762778,21.27173,91.80559154
6681,3.2320925,21.277665,93.94732289
6682,3.232339167,21.282105,93.32194254
6683,3.232586944,21.286565,91.33292238
6684,3.232837222,21.29107,92.31193097
6685,3.233086667,21.29556,90.84730311
6686,3.2334175,21.299495,89.39596164
6687,3.233744444,21.29753333,86.11256584
6688,3.233992222,21.29604667,83.15124441
6689,3.234240833,21.294555,86.23933063
6690,3.234490278,21.29305833,90.6158078
6691,3.234736667,21.29158,88.6818717
6692,3.235070556,21.28957667,86.45882229
6693,3.235394722,21.28763167,90.90169018
6694,3.235644167,21.286135,89.64600512
6695,3.235893611,21.28463833,91.45881953
6696,3.236144722,21.28313167,85.4073055
6697,3.236390556,21.28165667,77.9204112
6698,3.236717778,21.27969333,70.5352807
6699,3.237044722,21.27773167,71.78606357
6700,3.237292778,21.27624333,68.27802698
6701,3.237540278,21.27475833,65.82189965
6702,3.237787778,21.27327333,66.53277453
6703,3.238035556,21.27178667,63.21533625
6704,3.238373611,21.26975833,60.06607757
6705,3.238704444,21.26777333,57.81769972
6706,3.238954722,21.26627167,56.87484143
6707,3.239206944,21.26475833,53.83988822
6708,3.239457222,21.26325667,52.88082755
6709,3.239701944,21.26178833,51.81172848
6710,3.240041944,21.25974833,50.46877229
6711,3.240372222,21.25776667,53.14584365
6712,3.240620556,21.25627667,50.2656482
6713,3.240866389,21.25480167,47.32977526
6714,3.241114722,21.25331167,43.20316758
6715,3.241362222,21.25182667,55.05264624
6716,3.241693333,21.24984,66.86090826
6717,3.242020278,21.24787833,62.69040746
6718,3.242268889,21.24638667,68.9280158
6719,3.242521111,21.24487333,73.33357826
6720,3.242765833,21.243405,72.98884854
6721,3.243017222,21.24189667,73.90275568
6722,3.243356111,21.23986333,75.02708799
6723,3.243685278,21.23788833,77.49580485
6724,3.243931111,21.23641333,81.18879769
6725,3.244180278,21.23491833,79.89933256
6726,3.244433333,21.2334,84.6731602
6727,3.244683056,21.23190167,85.4430348
6728,3.245021111,21.22987333,85.44969025
6729,3.245347222,21.22791667,83.56708944
6730,3.245591111,21.22645333,86.28254496
6731,3.245838056,21.22497167,86.39480369
6732,3.246088333,21.22347,90.42056882
6733,3.246336111,21.22198333,89.66057111
6734,3.246664722,21.22001167,89.12087362
6735,3.2469875,21.218075,88.5941377
6736,3.247232222,21.21660667,82.46215859
6737,3.247481667,21.21511,84.20175577
6738,3.247733056,21.21360167,86.17595395
6739,3.247983333,21.2121,89.12564892
6740,3.248324444,21.21005333,92.001759
6741,3.248656944,21.20805833,91.15167646
6742,3.248905556,21.20656667,85.13882493
6743,3.2491575,21.205055,85.92993078
6744,3.249410556,21.20353667,80.48842963
6745,3.249659167,21.202045,82.57591979
6746,3.249996389,21.20002167,84.48537402
6747,3.250323611,21.20194167,84.12452565
6748,3.250571111,21.20342667,81.23972587
6749,3.250820556,21.20492333,77.73787121
6750,3.251071944,21.20643167,76.91304237
6751,3.251321111,21.20792667,67.48411961
6752,3.251663889,21.20998333,58.21391888
6753,3.251996389,21.21197833,66.72376915
6754,3.252245,21.21347,68.66320009
6755,3.252492778,21.21495667,69.79444384
6756,3.252739167,21.216435,64.71684728
6757,3.252985833,21.217915,63.63387424
6758,3.253328889,21.21997333,62.70869437
6759,3.253664444,21.22198667,65.33579769
6760,3.253914444,21.22348667,67.80347656
6761,3.254161389,21.22496833,68.54447648
6762,3.254406944,21.22644167,70.15054742
6763,3.254654722,21.22792833,65.48209151
6764,3.254996389,21.22997833,60.36751511
6765,3.255325278,21.23195167,56.87894182
6766,3.255571111,21.23342667,52.9583593
6767,3.255821389,21.23492833,58.58299385
6768,3.256069167,21.236415,61.70745329
6769,3.256319167,21.237915,62.89586501
6770,3.256653056,21.23991833,64.22585963
6771,3.256980833,21.241885,64.77393436
6772,3.257228056,21.24336833,59.92947849
6773,3.257472778,21.24483667,65.24134614
6774,3.257719444,21.24631667,67.71217899
6775,3.257970556,21.24782333,67.80521638
6776,3.258305,21.24983,67.88677207
6777,3.258629722,21.25177833,69.19065668
6778,3.258876389,21.25325833,75.37294825
6779,3.259124444,21.25474667,71.88154547
6780,3.259369722,21.25621833,72.38891184
6781,3.259616389,21.25769833,74.79642464
6782,3.259947778,21.25968667,76.97428836
6783,3.260273333,21.26164,73.11292123
6784,3.260520833,21.263125,74.66085152
6785,3.260768611,21.26461167,74.11614302
6786,3.261018056,21.26610833,74.64627636
6787,3.261264722,21.26758833,70.10842496
6788,3.261608333,21.26965,66.01906998
6789,3.261942778,21.27165667,71.21141671
6790,3.262188333,21.27313,70.61590328
6791,3.262435,21.27461,71.38786028
6792,3.262682778,21.27609667,73.59038087
6793,3.262934167,21.277605,77.4986233
6794,3.263271111,21.27962667,81.15306961
6795,3.263599444,21.28159667,85.77009166
6796,3.263846111,21.28307667,82.31504107
6797,3.264094722,21.28456833,85.00138125
6798,3.2643475,21.286085,84.32691088
6799,3.264595278,21.28757167,83.16701442
6800,3.264936389,21.28961833,81.74118254
6801,3.265271111,21.29162667,84.23425883
6802,3.26552,21.29312,84.53687963
6803,3.265770556,21.29462333,82.90192507
6804,3.2660225,21.296135,78.95252147
6805,3.266269167,21.297615,83.30205209
6806,3.266604722,21.29962833,87.70411358
6807,3.266938333,21.30326,88.623074
6808,3.267188333,21.30626,91.84254903
6809,3.267436944,21.30924333,97.49040957
6810,3.267683889,21.31220667,100.2958878
6811,3.267931944,21.31518333,95.80065559
6812,3.2682675,21.31921,91.25955512
6813,3.2685975,21.32317,98.52506336
6814,3.268843056,21.32611667,98.98656788
6815,3.269089167,21.32907,101.1418218
6816,3.2693375,21.33205,99.77852314
6817,3.269587222,21.33504667,91.64681773
6818,3.269926111,21.33911333,83.60544488
6819,3.270261111,21.34313333,90.43133866
6820,3.270512778,21.34615333,95.11734129
6821,3.270759444,21.34911333,93.68072533
6822,3.271007778,21.35209333,96.07869042
6823,3.271257222,21.35508667,98.26054791
6824,3.2715975,21.35917,100.2360545
6825,3.271926111,21.36311333,97.72667372
6826,3.272174444,21.36609333,94.93701727
6827,3.272420556,21.36904667,96.09609618
6828,3.272668056,21.37201667,96.39356357
6829,3.272915,21.37498,95.49265854
6830,3.273251944,21.37902333,94.32185786
6831,3.273583611,21.38300333,95.01598774
6832,3.273831389,21.38597667,93.99587319
6833,3.274078889,21.38894667,84.74493389
6834,3.2743275,21.39193,86.17757949
6835,3.274573333,21.39488,92.7530265
6836,3.274906944,21.39888333,99.54904338
6837,3.275236667,21.40284,99.33926349
6838,3.275483333,21.4058,101.0948452
6839,3.275728333,21.40874,105.6151065
6840,3.275976111,21.41171333,105.03883
6841,3.2762275,21.41473,108.5392175
6842,3.276561667,21.41874,112.0091162
6843,3.276886667,21.42264,107.7817641
6844,3.277132778,21.42559333,110.3057495
6845,3.277379444,21.42855333,112.8481682
6846,3.277628611,21.43154333,117.900239
6847,3.277876389,21.43451667,120.8285668
6848,3.278215556,21.43858667,123.2431306
6849,3.2785525,21.44263,122.4391986
6850,3.2787975,21.44557,124.4143007
6851,3.279043333,21.44852,122.304581
6852,3.279288333,21.45146,124.32239
6853,3.279534722,21.45441667,121.5526876
6854,3.279873056,21.45847667,118.8354524
6855,3.280205833,21.46247,121.5025686
6856,3.280453056,21.46543667,121.8240946
6857,3.280701944,21.46842333,128.7437022
6858,3.280950278,21.47140333,129.4205961
6859,3.281200833,21.47441,129.4414078
6860,3.281534167,21.47841,129.2926846
6861,3.281862222,21.48234667,127.6445497
6862,3.28211,21.48532,130.1554451
6863,3.282359444,21.48831333,127.9530927
6864,3.282606111,21.49127333,125.7284615
6865,3.282851944,21.49422333,125.560916
6866,3.283188056,21.49825667,125.3154083
6867,3.283519722,21.50223667,128.9368936
6868,3.2837675,21.50521,133.7090342
6869,3.284013333,21.50816,131.6771046
6870,3.28426,21.51112,133.4438565
6871,3.284507778,21.51409333,132.1833718
6872,3.284839167,21.51807,130.8376265
6873,3.285169167,21.52203,137.7538255
6874,3.285418333,21.52502,142.3529939
6875,3.285668056,21.52801667,141.3717719
6876,3.285916389,21.53099667,142.3534463
6877,3.286163056,21.53395667,141.6452281
6878,3.286495833,21.53795,140.5655876
6879,3.286824167,21.54189,144.9650753
6880,3.287070278,21.54484333,145.442075
6881,3.287319722,21.54783667,147.729253
6882,3.2875725,21.55087,149.7027722
6883,3.287824444,21.55389333,141.9068478
6884,3.2881625,21.55795,133.9776975
6885,3.288489722,21.56187667,127.1535647
6886,3.288736389,21.56483667,121.4889923
6887,3.288986667,21.56784,121.5067206
6888,3.289236944,21.57084333,123.3124904
6889,3.289483056,21.57379667,124.5051009
6890,3.289825556,21.57790667,125.8807451
6891,3.290157222,21.58188667,126.1295135
6892,3.290403611,21.58484333,123.2153125
6893,3.290651667,21.58782,123.563845
6894,3.290901111,21.59081333,122.9282124
6895,3.291151111,21.59381333,123.58816
6896,3.2914875,21.59785,124.0336598
6897,3.291813889,21.60176667,129.3922845
6898,3.292060833,21.60473,128.1395131
6899,3.292308056,21.60769667,130.0763468
6900,3.292555,21.61066,130.5032411
6901,3.2928025,21.61363,131.961976
6902,3.293138611,21.61766333,133.1265496
6903,3.293469444,21.62163333,129.6279569
6904,3.293720833,21.62465,131.1298362
6905,3.293970278,21.62764333,129.126151
6906,3.294221667,21.63066,131.3132994
6907,3.294471667,21.63366,124.2264659
6908,3.294803611,21.63764333,116.9554352
6909,3.295130833,21.64157,122.7110958
6910,3.295379444,21.64455333,121.4885145
6911,3.295628611,21.64754333,118.2583608
6912,3.295878889,21.65054667,113.014405
6913,3.2961275,21.65353,115.9368516
6914,3.296465833,21.65759,118.8917401
6915,3.296796667,21.66156,120.1851326
6916,3.297045833,21.66455,115.786834
6917,3.297294722,21.66753667,117.4963413
6918,3.297544722,21.67053667,115.6416988
6919,3.297791389,21.67349667,113.1456326
6920,3.2981275,21.67753,110.4684881
6921,3.298454167,21.68145,114.3692825
6922,3.298703333,21.68444,116.9569799
6923,3.298951944,21.68742333,107.6658057
6924,3.299201667,21.69042,106.9248131
6925,3.299451944,21.69342333,109.6165974
6926,3.299784167,21.69741,112.2923566
6927,3.3001125,21.69865,114.8982707
6928,3.300360833,21.69567,114.5511416
6929,3.300607778,21.69270667,117.4932457
6930,3.3008525,21.68977,116.9313381
6931,3.301098333,21.68682,112.0515291
6932,3.301435556,21.68277333,107.0538851
6933,3.301766944,21.67879667,111.171823
6934,3.302014722,21.67582333,111.9319365
6935,3.3022625,21.67285,110.9373436
6936,3.30251,21.66988,105.4644007
6937,3.302757778,21.66690667,101.9249342
6938,3.303096111,21.66284667,98.54248867
6939,3.303426667,21.65888,105.3324335
6940,3.3036725,21.65593,106.9981728
6941,3.303924444,21.65290667,107.6641677
6942,3.304173889,21.64991333,107.3628905
6943,3.304421944,21.64693667,106.4090152
6944,3.304758611,21.64289667,105.1899224
6945,3.305086111,21.63896667,104.4591362
6946,3.305333611,21.63599667,102.273778
6947,3.305582222,21.63301333,102.2850301
6948,3.305832222,21.63001333,103.3155678
6949,3.306080833,21.62703,103.2385963
6950,3.306415278,21.62301667,103.0889709
6951,3.306743333,21.61908,104.2492377
6952,3.306994444,21.61606667,101.5018913
6953,3.3072425,21.61309,92.99673364
6954,3.307490278,21.61011667,90.52140042
6955,3.307741389,21.60710333,87.19600074
6956,3.308080278,21.60303667,83.72171876
6957,3.308414722,21.59902333,84.01686357
6958,3.308665,21.59602,75.71771037
6959,3.308913889,21.59303333,73.94040434
6960,3.309161944,21.59005667,72.516168
6961,3.309408889,21.58709333,74.16056596
6962,3.309743889,21.58307333,75.79845142
6963,3.310073889,21.57911333,74.30667231
6964,3.310321389,21.57614333,69.71292049
6965,3.310568611,21.57317667,71.90783677
6966,3.310816944,21.57019667,74.61092054
6967,3.311065556,21.56721333,76.23063778
6968,3.3114,21.5632,77.66892436
6969,3.311726944,21.55927667,73.13201368
6970,3.311972778,21.55632667,77.14173515
6971,3.312221389,21.55334333,72.25019322
6972,3.312471667,21.55034,75.64067966
6973,3.312717222,21.54739333,75.13031124
6974,3.313051111,21.54338667,74.57301482
6975,3.313380278,21.53943667,81.45961183
6976,3.3136275,21.53647,82.18403956
6977,3.313873611,21.53351667,88.80903427
6978,3.314121944,21.53053667,91.30823771
6979,3.314373889,21.52751333,93.15865979
6980,3.314710278,21.52347667,94.91565076
6981,3.315041944,21.51949667,92.46114214
6982,3.315291389,21.51650333,93.21492522
6983,3.315541111,21.51350667,82.78596382
6984,3.315790278,21.51051667,83.05800737
6985,3.316040833,21.50751,84.95382957
6986,3.3163825,21.50341,86.93937857
6987,3.316712222,21.50082,89.52990336
6988,3.316959722,21.505275,95.29383149
6989,3.317211111,21.5098,96.77502268
6990,3.317460833,21.514295,98.95595215
6991,3.317708056,21.518745,103.3428624
6992,3.318050278,21.524905,107.5418467
6993,3.318381944,21.530875,108.930843
6994,3.318629722,21.535335,111.0313889
6995,3.318878056,21.539805,108.6520518
6996,3.319125833,21.544265,110.6334995
6997,3.319373889,21.54873,111.3467856
6998,3.319717778,21.55492,111.3525037
6999,3.320055,21.56099,117.0324927
7000,3.320300556,21.56541,116.2131647
7001,3.320549167,21.569885,112.8125594
7002,3.320795,21.57431,113.3341021
7003,3.321040833,21.578735,114.0375768
7004,3.321378056,21.584805,115.2730854
7005,3.321711667,21.59081,112.9980773
7006,3.321960278,21.595285,109.1795899
7007,3.322211389,21.599805,101.5332307
7008,3.322457222,21.60423,97.62960855
7009,3.322705,21.60869,99.1874939
7010,3.3230475,21.614855,100.3874479
7011,3.323379167,21.620825,97.22396082
7012,3.323626667,21.62528,94.26217669
7013,3.323874167,21.629735,93.50947632
7014,3.324124444,21.63424,92.24132965
7015,3.324370556,21.63867,89.91550224
7016,3.324708611,21.644755,87.44168333
7017,3.325045556,21.65082,92.5388603
7018,3.325293056,21.655275,91.27368609
7019,3.325541944,21.659755,92.01105959
7020,3.325791389,21.664245,92.65738469
7021,3.32604,21.66872,95.36061596
7022,3.326376111,21.67477,98.3735193
7023,3.326706944,21.680725,100.1953328
7024,3.326950833,21.685115,102.0324261
7025,3.327196667,21.68954,102.3863133
7026,3.3274425,21.693965,104.6917057
7027,3.327688889,21.6984,104.4566502
7028,3.328020556,21.70437,103.8722804
7029,3.328346389,21.710235,106.4734438
7030,3.328594722,21.714705,104.3837617
7031,3.328843056,21.719175,102.0047173
7032,3.329090833,21.723635,99.10252759
7033,3.329343056,21.728175,97.31211517
7034,3.329679444,21.73423,95.53931809
7035,3.330005556,21.7401,95.83046629
7036,3.330250556,21.74451,95.16156721
7037,3.330499722,21.748995,95.45216054
7038,3.330752222,21.75354,100.756239
7039,3.331002222,21.75804,100.7621299
7040,3.331333889,21.76401,100.7885375
7041,3.331663056,21.769935,107.5959114
7042,3.331911389,21.774405,111.2933976
7043,3.33216,21.77888,107.4767828
7044,3.332406944,21.783325,109.257254
7045,3.332658333,21.78785,107.2388354
7046,3.332995556,21.79392,105.3228553
7047,3.333325278,21.799855,105.0431298
7048,3.333574722,21.79710333,98.73775328
7049,3.3338225,21.79413,97.58343401
7050,3.334078056,21.79106333,97.75845199
7051,3.3343275,21.78807,98.59420982
7052,3.334663889,21.78403333,99.38573252
7053,3.334995278,21.78005667,96.9745632
7054,3.335244722,21.77706333,96.10268565
7055,3.335494444,21.77406667,95.74974517
7056,3.335742778,21.77108667,90.64436621
7057,3.335996111,21.76804667,92.51937019
7058,3.336333056,21.76400333,94.38146348
7059,3.336662222,21.76005333,90.94238545
7060,3.336911389,21.75706333,90.07663645
7061,3.337162778,21.75404667,94.82838317
7062,3.337412222,21.75105333,90.28337854
7063,3.33766,21.74808,90.0680796
7064,3.337997222,21.74403333,89.56270705
7065,3.338327778,21.74006667,89.56905753
7066,3.338576389,21.73708333,89.7500253
7067,3.338824722,21.73410333,91.22004722
7068,3.339074167,21.73111,94.22319908
7069,3.339321944,21.72813667,92.60540699
7070,3.339660278,21.72407667,90.93136038
7071,3.339994444,21.72006667,93.65216018
7072,3.340245,21.71706,89.87239288
7073,3.340494444,21.71406667,84.55970059
7074,3.340744722,21.71106333,84.99718691
7075,3.340996111,21.70804667,85.23171782
7076,3.341330556,21.70403333,85.33420995
7077,3.341659444,21.70008667,85.64204208
7078,3.341906389,21.69712333,82.26641373
7079,3.342153611,21.69415667,80.93487501
7080,3.342403889,21.69115333,80.84281566
7081,3.342653611,21.68815667,78.97183189
7082,3.3429925,21.68409,76.76512573
7083,3.3433225,21.68013,75.21794083
7084,3.343570278,21.67715667,72.39303663
7085,3.343817778,21.67418667,75.17748831
7086,3.344066389,21.67120333,78.46955927
7087,3.344314722,21.66822333,78.93001505
7088,3.344652778,21.66416667,79.65471965
7089,3.344984444,21.66018667,77.04491773
7090,3.345235,21.65718,79.72488862
7091,3.345486111,21.65416667,76.96221928
7092,3.345740278,21.65111667,78.86229388
7093,3.345988611,21.64813667,82.46754477
7094,3.346325,21.6441,85.90130903
7095,3.346653889,21.64015333,91.26774192
7096,3.346901667,21.63718,89.83736276
7097,3.347148889,21.63421333,96.49803069
7098,3.347398611,21.63121667,103.9216238
7099,3.347645556,21.62825333,106.5597286
7100,3.347981667,21.62422,109.0792185
7101,3.348308611,21.62029667,107.1031792
7102,3.348555278,21.61733667,109.2256868
7103,3.348804722,21.61434333,102.7627975
7104,3.349050833,21.61139,102.1361728
7105,3.349299167,21.60841,102.3432839
7106,3.349637222,21.60435333,102.8677365
7107,3.349968056,21.60038333,103.4207878
7108,3.3502175,21.606525,100.2048106
7109,3.350468889,21.61406667,102.0396407
7110,3.350716667,21.6215,105.2372778
7111,3.350965833,21.628975,107.7427518
7112,3.351301389,21.63904167,109.724372
7113,3.351629444,21.64888333,112.0047862
7114,3.351880556,21.65641667,113.7473319
7115,3.352129722,21.66389167,112.5376545
7116,3.352380556,21.67141667,111.424894
7117,3.352632778,21.67898333,111.5799581
7118,3.352969722,21.68909167,111.5178609
7119,3.353298889,21.69896667,115.5065658
7120,3.353547222,21.70641667,115.1658124
7121,3.353795833,21.713875,112.0312775
7122,3.354045278,21.72135833,113.1118696
7123,3.354294444,21.72883333,117.5417784
7124,3.354630833,21.738925,122.3677752
7125,3.354958889,21.74876667,124.386795
7126,3.355203889,21.75611667,121.7553704
7127,3.355453333,21.7636,116.4313998
7128,3.355703889,21.77111667,113.7638612
7129,3.355953056,21.77859167,114.5829466
7130,3.356283889,21.78851667,114.8294657
7131,3.356610278,21.79830833,111.7934394
7132,3.356855556,21.80566667,110.2627739
7133,3.357101389,21.81304167,107.8149075
7134,3.357348056,21.82044167,107.936597
7135,3.357593333,21.8278,106.33631
7136,3.357928889,21.83786667,104.6771584
7137,3.358258333,21.84775,109.2136622
7138,3.358508611,21.85525833,113.8072096
7139,3.358755833,21.862675,110.9977787
7140,3.359001389,21.87004167,110.2408313
7141,3.359248889,21.87746667,112.1200594
7142,3.359585833,21.887575,114.5143629
7143,3.359913056,21.89739167,116.2412601
7144,3.36016,21.9048,117.6574679
7145,3.360408333,21.91225,120.3275553
7146,3.360655833,21.919675,124.6026587
7147,3.360906389,21.92719167,125.2285711
7148,3.361246667,21.9374,125.7790367
7149,3.361576944,21.94730833,125.4566206
7150,3.361822778,21.95468333,127.1492446
7151,3.362070833,21.962125,126.5478765
7152,3.36232,21.9696,126.4555625
7153,3.362565833,21.976975,121.8751636
7154,3.362895,21.98685,117.4739836
7155,3.363221111,21.99663333,119.0410098
7156,3.363468611,22.00405833,119.8426729
7157,3.363715556,22.01146667,119.4504985
7158,3.363963056,22.01889167,122.4555549
7159,3.364209444,22.02628333,120.6703373
7160,3.364549722,22.03649167,118.8119056
7161,3.364883056,22.04649167,123.5041695
7162,3.365130556,22.05391667,125.7103617
7163,3.365381111,22.06143333,128.7738114
7164,3.365632222,22.06896667,128.6943866
7165,3.365881944,22.07645833,127.749913
7166,3.36622,22.0866,127.0838662
7167,3.366551389,22.09654167,128.8863898
7168,3.366799167,22.099205,125.4451642
7169,3.367045,22.09773,129.0088356
7170,3.3672975,22.096215,127.7250506
7171,3.367549444,22.09470333,127.6786466
7172,3.367886667,22.09268,127.6443324
7173,3.368214722,22.09071167,125.6373647
7174,3.368463333,22.08922,121.8650239
7175,3.368715,22.08771,123.7938122
7176,3.368961111,22.08623333,120.7532408
7177,3.369211389,22.08473167,123.5440784
7178,3.369550278,22.08269833,126.3620795
7179,3.369878611,22.08072833,119.395167
7180,3.370124444,22.07925333,120.1140661
7181,3.370373056,22.07776167,125.4628113
7182,3.370622222,22.07626667,120.6990462
7183,3.370870833,22.074775,122.1714369
7184,3.371213333,22.07272,123.4967921
7185,3.371543333,22.07074,121.9711844
7186,3.371788333,22.06927,119.1000157
7187,3.372034167,22.067795,118.3617226
7188,3.372284167,22.066295,117.0408316
7189,3.372530278,22.06481833,113.1496156
7190,3.372864444,22.06281333,109.1381026
7191,3.373193333,22.06084,111.9121459
7192,3.373438333,22.05937,107.8456471
7193,3.373686389,22.05788167,104.0079523
7194,3.373935556,22.05638667,106.7996504
7195,3.374188333,22.05487,106.5419134
7196,3.374526667,22.05284,107.0041564
7197,3.374855,22.05087,109.9064115
7198,3.375104167,22.049375,108.3666203
7199,3.375351111,22.04789333,106.5340414
7200,3.375600278,22.04639833,104.7429374
7201,3.375846389,22.04492167,102.3367807
7202,3.376175,22.04295,99.11696908
7203,3.376503333,22.04098,96.75706718
7204,3.376752778,22.03948333,97.12797917
7205,3.376999444,22.03800333,96.97508854
7206,3.377245833,22.036525,94.8686208
7207,3.377491667,22.03505,93.66699113
7208,3.37783,22.03302,93.04042387
7209,3.378162222,22.03102667,91.0873761
7210,3.37841,22.02954,88.92568332
7211,3.3786575,22.028055,85.14269502
7212,3.378906944,22.02655833,81.58707469
7213,3.379156667,22.02506,81.07210795
7214,3.379495833,22.023025,80.54176926
7215,3.379828333,22.02103,82.1739266
7216,3.380076667,22.01954,83.57424066
7217,3.3803225,22.018065,86.1464155
7218,3.380573611,22.01655833,91.04200244
7219,3.380820556,22.01507667,89.74972209
7220,3.381158611,22.01304833,88.50992083
7221,3.381488333,22.01107,86.67765506
7222,3.381735278,22.00958833,86.94508051
7223,3.381984444,22.00809333,85.77382663
7224,3.382230556,22.00661667,86.01682618
7225,3.382477222,22.00513667,83.23535496
7226,3.382821667,22.00307,80.28326994
7227,3.383154167,22.001075,78.96836701
7228,3.383400278,22.00160667,75.68780265
7229,3.383651667,22.00764,76.34792028
7230,3.3839,22.0136,74.98000912
7231,3.384148333,22.01956,74.77378203
7232,3.384482222,22.02757333,74.40631066
7233,3.38481,22.03544,76.60585447
7234,3.385057778,22.04138667,77.40311501
7235,3.385305278,22.04732667,75.08185389
7236,3.385552778,22.05326667,71.63790625
7237,3.385799722,22.05919333,70.33714708
7238,3.386133056,22.06719333,69.49497157
7239,3.386459167,22.07502,67.34615884
7240,3.386706111,22.08094667,67.66690925
7241,3.386955556,22.08693333,68.0569005
7242,3.387205556,22.09293333,68.87529979
7243,3.387457778,22.09898667,72.93315246
7244,3.387790556,22.10697333,77.05313967
7245,3.388117778,22.11482667,77.1861942
7246,3.388362778,22.12070667,75.98483687
7247,3.388609167,22.12662,74.54121763
7248,3.388856111,22.13254667,72.07678716
7249,3.389103889,22.13849333,73.33043706
7250,3.389441111,22.14658667,74.20903984
7251,3.389768611,22.15444667,73.31133117
7252,3.390015278,22.16036667,70.2426507
7253,3.390264722,22.16635333,65.77302275
7254,3.390514167,22.17234,63.9527484
7255,3.390760278,22.17824667,65.24416256
7256,3.3910975,22.18634,66.76598711
7257,3.3914275,22.19426,68.64880034
7258,3.3916775,22.20026,68.56383332
7259,3.391928333,22.20628,66.77228759
7260,3.392181111,22.21234667,65.45977308
7261,3.392428611,22.21828667,66.20485681
7262,3.392771111,22.22650667,66.91525371
7263,3.393107778,22.23458667,66.74319437
7264,3.393355278,22.24052667,67.21423712
7265,3.393605833,22.24654,69.64018566
7266,3.393855833,22.25254,73.33260568
7267,3.394102778,22.25846667,74.1086731
7268,3.394441667,22.2666,75.17850346
7269,3.394773333,22.27456,72.90036042
7270,3.395021111,22.28050667,74.82042731
7271,3.395268889,22.28645333,76.98070894
7272,3.395520833,22.2925,73.18993577
7273,3.395768611,22.29844667,71.6389694
7274,3.396106667,22.30656,70.39184929
7275,3.396438333,22.31452,70.34956978
7276,3.396688611,22.32052667,72.51360866
7277,3.396935278,22.32644667,72.34735523
7278,3.397185833,22.33246,68.76344636
7279,3.3974325,22.33838,64.85800212
7280,3.397771389,22.34651333,61.02915368
7281,3.398104167,22.3545,60.40132822
7282,3.398353611,22.36048667,62.6961612
7283,3.398602222,22.36645333,66.5214378
7284,3.398849722,22.37239333,72.53929023
7285,3.399100278,22.37840667,70.17644014
7286,3.399442778,22.38662667,67.94061958
7287,3.399773611,22.39456667,70.38848285
7288,3.400019167,22.399885,69.89340821
7289,3.400267778,22.39839333,70.7399582
7290,3.400514444,22.39691333,67.92354578
7291,3.400764722,22.39541167,69.27318418
7292,3.401105,22.39337,70.96344182
7293,3.401433056,22.39140167,71.90626816
7294,3.401681111,22.38991333,71.36145676
7295,3.401928333,22.38843,71.29533877
7296,3.4021775,22.386935,73.86517076
7297,3.402428611,22.38542833,76.21142693
7298,3.402770556,22.38337667,78.57396475
7299,3.403105,22.38137,78.94387664
7300,3.403357222,22.37985667,82.73583263
7301,3.4036075,22.378355,83.01715526
7302,3.403855278,22.37686833,88.76345296
7303,3.404104444,22.37537333,88.92299805
7304,3.404438889,22.37336667,89.15437703
7305,3.404765278,22.37140833,89.89646544
7306,3.405016667,22.3699,90.97879741
7307,3.405265833,22.368405,90.885381
7308,3.405513611,22.36691833,88.54714371
7309,3.405763056,22.36542167,88.12217091
7310,3.406103889,22.36337667,87.88685548
7311,3.406435278,22.36138833,90.03161391
7312,3.406680278,22.35991833,90.84563694
7313,3.406928056,22.35843167,93.22512468
7314,3.407176667,22.35694,96.46707232
7315,3.407426944,22.35543833,95.73161187
7316,3.407765,22.35341,95.48538694
7317,3.408096111,22.35142333,96.93069042
7318,3.408345278,22.34992833,97.8465067
7319,3.408592778,22.34844333,95.202878
7320,3.4088425,22.346945,95.22754045
7321,3.409091111,22.34545333,97.8159645
7322,3.409428056,22.34343167,100.0069732
7323,3.409758889,22.34144667,99.29652447
7324,3.410007222,22.33995667,97.79838614
7325,3.410253889,22.33847667,101.2079712
7326,3.410503611,22.33697833,98.84753928
7327,3.410751111,22.33549333,100.1351184
7328,3.411081944,22.33350833,101.5557889
7329,3.411409167,22.331545,102.0820152
7330,3.411658611,22.33004833,103.9704296
7331,3.411912222,22.32852667,102.7434406
7332,3.412162778,22.32702333,100.5664643
7333,3.412411111,22.32553333,99.67006404
7334,3.412744722,22.32353167,98.81863895
7335,3.413071944,22.32156833,99.83169074
7336,3.413316667,22.3201,101.2633827
7337,3.4135625,22.318625,105.2085698
7338,3.413810556,22.31713667,105.2855726
7339,3.414057222,22.31565667,103.4099197
7340,3.414385278,22.31368833,101.6309438
7341,3.414711389,22.31173167,98.70103876
7342,3.414959722,22.31024167,96.59980383
7343,3.41521,22.30874,92.78393024
7344,3.415459722,22.30724167,93.01361773
7345,3.415707222,22.30575667,92.54836837
7346,3.416050833,22.303695,91.92372013
7347,3.416382222,22.30170667,92.27229014
7348,3.41663,22.30022,93.210668
7349,3.416875,22.3,94.19642206
7350,3.417122778,22.3,93.47147569
7351,3.417366667,22.3,94.31583476
7352,3.417703611,22.3,95.06511871
7353,3.418036389,22.3,95.33565595
7354,3.418284167,22.3,93.81220168
7355,3.418529167,22.3,93.03049021
7356,3.418776667,22.3,93.78725805
7357,3.419023889,22.3,93.47026484
7358,3.419358333,22.3,93.64120289
7359,3.419685833,22.3,89.36339497
7360,3.419934167,22.3,87.67959616
7361,3.420180278,22.3,90.79182568
7362,3.420428889,22.3,88.69134764
7363,3.420681389,22.3,93.84760907
7364,3.421018889,22.3,99.09327175
7365,3.421349722,22.3,103.1491488
7366,3.421598056,22.3,105.1566964
7367,3.421846944,22.3,103.6492363
7368,3.422096111,22.3,100.3689898
7369,3.422343611,22.3,104.0074698
7370,3.422674444,22.3,107.4805836
7371,3.423003611,22.3,108.6811202
7372,3.423249444,22.3,107.8330172
7373,3.423496944,22.3,104.2593614
7374,3.423747222,22.3,102.9951167
7375,3.423996111,22.3,103.6822053
7376,3.424326389,22.3,104.2227995
7377,3.424653611,22.3,104.7782649
7378,3.424904167,22.3,102.585819
7379,3.425157222,22.3,104.0818408
7380,3.425409167,22.3,103.7891253
7381,3.425657778,22.3,104.3039328
7382,3.425995278,22.3,104.9457782
7383,3.426325,22.3,106.456895
7384,3.426574444,22.3,110.7981008
7385,3.426821944,22.3,113.8213191
7386,3.427068889,22.3,114.1246655
7387,3.427317222,22.3,115.547966
7388,3.427654444,22.3,117.2431134
7389,3.427984444,22.3,117.2217411
7390,3.42823,22.3,117.2920314
7391,3.428479444,22.3,116.3190616
7392,3.428728056,22.3,109.9736086
7393,3.428973889,22.3,110.9028283
7394,3.429312222,22.3,111.3545455
7395,3.429642778,22.3,109.170862
7396,3.429891944,22.3,111.6172577
7397,3.430141667,22.3,110.699149
7398,3.430390833,22.3,105.7841778
7399,3.430643333,22.3,105.4069159
7400,3.430976944,22.3,105.4186951
7401,3.431302778,22.3,109.0815925
7402,3.431549722,22.3,110.2649671
7403,3.431795833,22.3,114.5132042
7404,3.4320425,22.3,120.8419073
7405,3.432291667,22.3,121.0164415
7406,3.432626111,22.3,121.1724593
7407,3.432951667,22.3,123.8172451
7408,3.433199167,22.3,123.0333917
7409,3.433444722,22.30133667,121.8422239
7410,3.433695278,22.30434333,124.1662966
7411,3.433949167,22.30739,125.3772179
7412,3.434280278,22.31136333,126.4486274
7413,3.434604444,22.31525333,130.2269526
7414,3.434853889,22.31824667,129.1299568
7415,3.435103333,22.32124,124.8972471
7416,3.435349167,22.32419,127.7341884
7417,3.4355975,22.32717,129.523603
7418,3.4359375,22.33125,131.1040728
7419,3.436270833,22.33525,130.4484854
7420,3.436519444,22.33823333,135.4672852
7421,3.436765278,22.34118333,132.1016926
7422,3.437012222,22.34414667,136.6320314
7423,3.437262222,22.34714667,135.6574183
7424,3.437602222,22.35122667,134.4583657
7425,3.437934167,22.35521,135.811216
7426,3.438181389,22.35817667,136.8911191
7427,3.438430833,22.36117,137.103973
7428,3.438680556,22.36416667,135.9114711
7429,3.4389275,22.36713,136.8800508
7430,3.439266111,22.37119333,138.3146814
7431,3.439598889,22.37518667,140.3503722
7432,3.439846389,22.37815667,142.4499591
7433,3.440095,22.38114,145.8123799
7434,3.440343611,22.38412333,147.0409985
7435,3.440590556,22.38708667,147.1274162
7436,3.440924722,22.39109667,146.9575462
7437,3.44125,22.395,147.1355994
7438,3.441495833,22.39795,149.6734166
7439,3.441746111,22.40095333,147.723508
7440,3.441994722,22.40393667,147.4375442
7441,3.442240556,22.40688667,147.5256334
7442,3.442575833,22.41091,147.9167947
7443,3.442906389,22.41487667,146.7170315
7444,3.443155,22.41786,145.0693355
7445,3.443403611,22.42084333,150.8489714
7446,3.443651389,22.42381667,150.7800951
7447,3.443896111,22.42675333,155.9963248
7448,3.444228889,22.43074667,160.8923471
7449,3.444560556,22.43472667,165.5897301
7450,3.444809167,22.43771,169.3100183
7451,3.445056667,22.44068,168.8404368
7452,3.445305,22.44366,170.3614865
7453,3.445551111,22.44661333,173.1870355
7454,3.445881667,22.45058,175.6554384
7455,3.446208056,22.45449667,177.0765373
7456,3.446453889,22.45744667,175.6361383
7457,3.446700556,22.46040667,178.7604106
7458,3.4469525,22.46343,174.6257061
7459,3.447200556,22.46640667,169.5686101
7460,3.447531111,22.47037333,164.3081766
7461,3.447854722,22.47425667,156.7756697
7462,3.448103889,22.47724667,154.2250949
7463,3.448349722,22.48019667,150.6062462
7464,3.448598056,22.48317667,146.2750707
7465,3.448845833,22.48615,140.4449909
7466,3.449173056,22.49007667,134.4873693
7467,3.449499167,22.49399,134.7345307
7468,3.449747778,22.49697333,133.9547169
7469,3.4499975,22.49997,134.7361183
7470,3.450248333,22.50298,135.8812809
7471,3.450496111,22.50595333,137.4450902
7472,3.450826111,22.50991333,138.8645938
7473,3.451148611,22.51378333,137.9144263
7474,3.451393333,22.51672,134.688047
7475,3.451642778,22.51971333,132.6153991
7476,3.451890833,22.52269,131.8558378
7477,3.45214,22.52568,129.6724522
7478,3.45247,22.52964,127.7384271
7479,3.452796944,22.53356333,123.9277958
7480,3.453041667,22.5365,118.2084839
7481,3.453292222,22.53950667,118.2028794
7482,3.453541667,22.5425,117.1813939
7483,3.453790278,22.54548333,114.985942
7484,3.454122222,22.54946667,112.65582
7485,3.4544525,22.55343,114.9565752
7486,3.454703056,22.55643667,116.8076683
7487,3.454949722,22.55939667,115.4026396
7488,3.455200278,22.56240333,114.5440596
7489,3.455446111,22.56535333,113.3942623
7490,3.455775556,22.56930667,112.0947028
7491,3.456100833,22.57321,112.0907498
7492,3.456348611,22.57618333,111.9958963
7493,3.456593889,22.57912667,109.0600279
7494,3.456845833,22.58215,108.510625
7495,3.457096944,22.58516333,106.3475696
7496,3.457438056,22.58925667,104.1847506
7497,3.457772222,22.59326667,102.9080968
7498,3.458016389,22.59619667,102.8063667
7499,3.458261111,22.59913333,106.1699772
7500,3.458509722,22.60211667,104.8971019
7501,3.458757222,22.60508667,102.6895398
7502,3.459090833,22.60909,100.6936696
7503,3.459418056,22.61301667,100.7665257
7504,3.459664722,22.61597667,100.7146653
7505,3.459909444,22.61891333,104.3038557
7506,3.460154444,22.62185333,103.8520364
7507,3.460402222,22.62482667,100.1598486
7508,3.460740278,22.62888333,96.49431402
7509,3.461068889,22.63282667,98.49887312
7510,3.461313889,22.63576667,100.0909561
7511,3.461557778,22.63869333,98.00216108
7512,3.461803056,22.64163667,93.39501248
7513,3.462051667,22.64462,90.30493404
7514,3.462385833,22.64863,86.75197956
7515,3.462711389,22.65253667,84.07948268
7516,3.462955,22.65546,83.35755811
7517,3.463201944,22.65842333,81.04105591
7518,3.463450556,22.66140667,81.27791145
7519,3.463701667,22.66442,83.54381619
7520,3.464039722,22.66847667,85.8964084
7521,3.464369444,22.67243333,87.149244
7522,3.464616389,22.67539667,87.86539764
7523,3.464864722,22.67837667,89.63840715
7524,3.4651125,22.68135,90.01684926
7525,3.465359444,22.68431333,90.79437792
7526,3.465689167,22.68827,91.83117732
7527,3.466013333,22.69216,89.83850708
7528,3.466261667,22.69514,91.77442454
7529,3.4665075,22.69809,92.51023773
7530,3.466756389,22.69946167,94.10949271
7531,3.467009444,22.69794333,93.18255112
7532,3.467340278,22.69595833,91.87503469
7533,3.467665556,22.69400667,94.80198395
7534,3.467910278,22.69253833,93.63296691
7535,3.468158056,22.69105167,91.80091586
7536,3.468405556,22.68956667,91.43608694
7537,3.468653056,22.68808167,91.1185464
7538,3.468996944,22.68601833,90.66926272
7539,3.469332778,22.68400333,87.03782465
7540,3.469579722,22.68252167,90.50947655
7541,3.469826389,22.68104167,89.99776015
7542,3.470073889,22.67955667,88.70007842
7543,3.470320556,22.67807667,87.47893097
7544,3.470661389,22.67603167,86.20286153
7545,3.470993333,22.67404,86.09638655
7546,3.471243611,22.67253833,86.70271621
7547,3.471493889,22.67103667,90.50119356
7548,3.471741667,22.66955,91.87711385
7549,3.471991389,22.66805167,94.27791057
7550,3.472330278,22.66601833,96.83662688
7551,3.472658056,22.66405167,99.46148913
7552,3.472903056,22.66258167,103.637895
7553,3.473151389,22.66109167,106.9540017
7554,3.473398889,22.65960667,108.9967253
7555,3.4736475,22.658115,110.5006678
7556,3.473978611,22.65612833,111.6791717
7557,3.474304722,22.65417167,115.8540701
7558,3.474548611,22.65270833,118.3457018
7559,3.474796111,22.65122333,117.7785796
7560,3.475048333,22.64971,116.7294725
7561,3.475298056,22.64821167,114.2728707
7562,3.475631667,22.64621,111.7635327
7563,3.475959722,22.64424167,110.2440284
7564,3.476205278,22.64276833,107.6965274
7565,3.476453611,22.64127833,112.8312401
7566,3.4767025,22.639785,113.6004491
7567,3.476953611,22.63827833,116.9835823
7568,3.477286389,22.63628167,120.5235683
7569,3.477610556,22.63433667,124.2262744
7570,3.477860833,22.632835,127.6760302
7571,3.478107778,22.63135333,128.9251562
7572,3.478354444,22.62987333,131.8537668
7573,3.478603611,22.62837833,133.5657157
7574,3.478939444,22.62636333,135.2062742
7575,3.479271667,22.62437,133.7723295
7576,3.479519722,22.62288167,132.0611489
7577,3.479767778,22.62139333,133.4893365
7578,3.480015278,22.61990833,133.7061817
7579,3.4802675,22.618395,132.4776875
7580,3.480603056,22.61638167,131.1445852
7581,3.480931111,22.61441333,124.6292801
7582,3.4811825,22.612905,124.9978092
7583,3.481430833,22.611415,126.6446497
7584,3.481679722,22.60992167,126.1534781
7585,3.481928889,22.60842667,121.4302596
7586,3.482268056,22.60639167,116.2982318
7587,3.482598889,22.60440667,118.2097598
7588,3.482845556,22.60292667,122.5325282
7589,3.483095833,22.601425,124.550984
7590,3.483345,22.6,126.1465702
7591,3.483596667,22.6,129.9427512
7592,3.483935556,22.6,133.8299599
7593,3.484264444,22.6,136.5775169
7594,3.484510278,22.6,137.8667418
7595,3.484759722,22.6,135.4165992
7596,3.485009167,22.6,133.822623
7597,3.485255833,22.6,133.2774689
7598,3.485585833,22.6,132.5847058
7599,3.485909167,22.6,131.8436493
7600,3.486155,22.6,129.192902
7601,3.486406944,22.6,130.0318866
7602,3.4866575,22.6,131.3122985
7603,3.486904444,22.6,130.4795639
7604,3.487236667,22.6,129.6842136
7605,3.487561111,22.6,131.951428
7606,3.487808056,22.6,134.6846677
7607,3.488056389,22.6,137.7476919
7608,3.488303333,22.6,137.8122278
7609,3.488549167,22.6,137.7998269
7610,3.48888,22.6,137.4076507
7611,3.489208056,22.6,135.2248523
7612,3.489458056,22.6,135.921953
7613,3.489708611,22.6,136.4069053
7614,3.489957222,22.6,138.1426285
7615,3.490204722,22.6,138.4824719
7616,3.490541944,22.6,138.8930951
7617,3.490876111,22.6,138.6257087
7618,3.491126389,22.6,142.506729
7619,3.491375,22.6,145.0396632
7620,3.491624444,22.6,145.8953076
7621,3.491875,22.6,147.8713331
7622,3.492211944,22.6,149.7763522
7623,3.492539444,22.6,150.723208
7624,3.492785,22.6,152.1251829
7625,3.493035278,22.6,153.498363
7626,3.493284167,22.6,154.3002881
7627,3.493535556,22.6,151.8245686
7628,3.493870556,22.6,149.0963446
7629,3.494197778,22.6,149.7607816
7630,3.494446389,22.6,150.8641124
7631,3.494693333,22.6,155.3977617
7632,3.494940556,22.6,155.2750409
7633,3.495188056,22.6,150.3713608
7634,3.495520833,22.6,144.9847635
7635,3.495845278,22.6,145.4074799
7636,3.496091111,22.6,144.623544
7637,3.496338611,22.6,143.0537971
7638,3.49659,22.6,139.9344031
7639,3.496838611,22.6,138.5281517
7640,3.497166667,22.6,137.3357831
7641,3.497491667,22.6,136.0194294
7642,3.497738611,22.6,135.8271474
7643,3.497985833,22.6,135.7733158
7644,3.498233889,22.6,135.0259811
7645,3.498485833,22.6,135.22508
7646,3.498827778,22.6,134.9527789
7647,3.499158333,22.6,131.5574894
7648,3.499403333,22.6,133.3428045
7649,3.499648889,22.6,131.7680886
7650,3.499894167,22.6,127.9205746
7651,3.500141389,22.602545,126.596399
7652,3.50047,22.60846,125.4491349
7653,3.500795833,22.614325,125.1137918
7654,3.501044167,22.618795,128.3575118
7655,3.501290278,22.623225,129.3257493
7656,3.501536667,22.62766,127.7869998
7657,3.5017825,22.632085,125.7507832
7658,3.502111667,22.63801,123.6284598
7659,3.502436944,22.643865,119.8800438
7660,3.502686389,22.648355,121.1571964
7661,3.502935,22.65283,121.0072589
7662,3.503180833,22.657255,119.9132013
7663,3.503427778,22.6617,118.0201358
7664,3.503763611,22.667745,115.8660314
7665,3.504090833,22.673635,113.9477393
7666,3.50434,22.67812,115.5302272
7667,3.504588056,22.682585,119.2219159
7668,3.504834722,22.687025,119.1598256
7669,3.505084167,22.691515,121.0338868
7670,3.505417778,22.69752,122.7715931
7671,3.505746667,22.70344,121.3249759
7672,3.505991389,22.707845,123.2913889
7673,3.50624,22.71232,126.0902479
7674,3.506490556,22.71683,129.0205238
7675,3.50674,22.72132,132.8876385
7676,3.507077778,22.7274,136.6008816
7677,3.507403333,22.73326,139.1986331
7678,3.507652778,22.73775,142.6866393
7679,3.507901111,22.74222,142.0545482
7680,3.508149722,22.746695,139.9825394
7681,3.508397222,22.75115,139.0137611
7682,3.508727222,22.75709,137.6742222
7683,3.509055,22.76299,133.7530067
7684,3.509303889,22.76747,128.5824646
7685,3.509556111,22.77201,131.5700098
7686,3.509806389,22.776515,134.2884295
7687,3.510054722,22.780985,135.4146425
7688,3.510387222,22.78697,136.3757431
7689,3.5107125,22.792825,136.4027575
7690,3.510959167,22.797265,137.3227955
7691,3.511207222,22.80173,135.8144551
7692,3.511455,22.80619,135.1859277
7693,3.511706111,22.81071,133.006633
7694,3.512043889,22.81679,131.1797334
7695,3.512370278,22.822665,125.3293059
7696,3.512620556,22.82717,119.6528731
7697,3.512869444,22.83165,119.6429865
7698,3.5131175,22.836115,121.0082661
7699,3.513367222,22.84061,120.7247893
7700,3.513705556,22.8467,120.2225077
7701,3.514038056,22.852685,116.0095817
7702,3.51429,22.85722,117.5806427
7703,3.514542222,22.86176,121.3090611
7704,3.514791389,22.866245,121.8946504
7705,3.515041389,22.870745,118.5062556
7706,3.515381667,22.87687,114.8223616
7707,3.515711111,22.8828,114.950252
7708,3.515959444,22.88727,116.7295292
7709,3.516208056,22.891745,114.5770287
7710,3.5164575,22.896235,113.4583023
7711,3.516705,22.9,113.4379899
7712,3.517041389,22.9,113.5013346
7713,3.517371944,22.9,114.2582352
7714,3.517623611,22.9,117.0462416
7715,3.51787,22.9,112.6685441
7716,3.518118611,22.9,110.2108066
7717,3.518367222,22.9,108.4919902
7718,3.518706111,22.9,106.8689627
7719,3.519038889,22.9,109.2915354
7720,3.519288889,22.9,108.3050683
7721,3.519535833,22.9,106.8430041
7722,3.519781944,22.9,103.5703306
7723,3.520032778,22.9,102.9787263
7724,3.520363889,22.9,102.2314912
7725,3.520691111,22.9,104.1783177
7726,3.5209375,22.9,107.4433675
7727,3.521188889,22.9,109.2300454
7728,3.521440278,22.9,106.6096721
7729,3.521691389,22.9,105.2545652
7730,3.522029167,22.9,103.7331735
7731,3.522356667,22.9,99.92168219
7732,3.522603333,22.9,99.61518259
7733,3.522851944,22.9,101.0918457
7734,3.523099722,22.9,102.1534788
7735,3.523345278,22.9,100.6800425
7736,3.523679722,22.9,99.10631555
7737,3.5240075,22.9,98.69136776
7738,3.524251944,22.9,99.87620659
7739,3.524498611,22.9,96.96136217
7740,3.524745278,22.9,98.90608865
7741,3.524991667,22.9,99.55037598
7742,3.525328333,22.9,100.1260546
7743,3.525658889,22.9,100.7065966
7744,3.525904722,22.9,105.0436128
7745,3.526152222,22.9,104.8940764
7746,3.526401944,22.9,105.1513743
7747,3.526649444,22.9,105.9296398
7748,3.526985833,22.9,106.7543972
7749,3.527316389,22.9,102.0230989
7750,3.527563333,22.9,100.8518288
7751,3.52781,22.9,107.1342419
7752,3.528056667,22.9,106.7493576
7753,3.528304167,22.9,106.1970493
7754,3.528635,22.9,105.146473
7755,3.528959167,22.9,107.6468051
7756,3.529209722,22.9,108.2842369
7757,3.529458889,22.9,108.592474
7758,3.529705556,22.9,104.6667733
7759,3.529952778,22.9,103.253612
7760,3.530285,22.9,102.1944681
7761,3.530610556,22.9,103.8954811
7762,3.530857222,22.9,101.3253041
7763,3.531106389,22.9,100.0258617
7764,3.531355,22.9,104.8849613
7765,3.5316025,22.9,109.3814205
7766,3.531941667,22.9,113.135103
7767,3.532270556,22.9,113.6132228
7768,3.532515556,22.9,115.9827203
7769,3.532761667,22.9,115.9200854
7770,3.533008333,22.9,115.9466192
7771,3.533255,22.9,116.7832999
7772,3.533587222,22.90152333,117.9858104
7773,3.533914444,22.90348667,117.5946555
7774,3.534166667,22.905,119.4528896
7775,3.53442,22.90652,118.6934917
7776,3.534671111,22.90802667,117.9004019
7777,3.534923333,22.90954,117.825931
7778,3.535258333,22.91155,117.7838666
7779,3.535586944,22.91352167,116.0867067
7780,3.535835278,22.91501167,118.9561016
7781,3.536085556,22.91651333,120.6650854
7782,3.536329444,22.91797667,119.8255647
7783,3.536576111,22.91945667,118.1243532
7784,3.536911667,22.92147,116.0074498
7785,3.537242222,22.92345333,117.3324609
7786,3.537490278,22.92494167,119.9943396
7787,3.537735833,22.926415,119.160126
7788,3.537983333,22.9279,121.1294317
7789,3.538231111,22.92938667,120.6340754
7790,3.538560833,22.931365,119.9541804
7791,3.538886111,22.93331667,117.6965448
7792,3.539131944,22.93479167,119.7933548
7793,3.539381667,22.93629,123.2713832
7794,3.539633611,22.93780167,124.3251516
7795,3.539882222,22.93929333,127.513152
7796,3.540216389,22.94129833,130.8127546
7797,3.540542778,22.94325667,131.4648551
7798,3.540788333,22.94473,138.2715281
7799,3.541035278,22.94621167,137.2766354
7800,3.541286667,22.94772,135.9494727
7801,3.541535,22.94921,136.6755176
7802,3.541869722,22.95121833,137.1091667
7803,3.542201111,22.95320667,134.5107667
7804,3.542452778,22.95471667,131.9381595
7805,3.542701111,22.95620667,130.64698
7806,3.542949722,22.95769833,134.4403189
7807,3.5432,22.9592,138.3990783
7808,3.543530833,22.961185,142.1714435
7809,3.543855833,22.963135,144.7834799
7810,3.544101667,22.96461,141.2995025
7811,3.544348611,22.96609167,140.7932063
7812,3.544596111,22.96757667,137.2583915
7813,3.544845556,22.96907333,139.5734972
7814,3.545176389,22.97105833,142.1980399
7815,3.545498056,22.97298833,139.2050201
7816,3.545744722,22.97446833,134.8026659
7817,3.545994167,22.975965,135.334266
7818,3.546242778,22.97745667,137.0207908
7819,3.546488611,22.97893167,138.5940979
7820,3.546823056,22.98093833,139.7998538
7821,3.547153056,22.98291833,137.3871256
7822,3.547399444,22.98439667,140.5845896
7823,3.547647222,22.98588333,143.8209432
7824,3.547896389,22.98737833,144.4738166
7825,3.548146111,22.98887667,144.8282276
7826,3.548478611,22.99087167,145.1969164
7827,3.548806667,22.99284,148.9660671
7828,3.549055278,22.99433167,150.5758772
7829,3.549307222,22.99584333,149.6304248
7830,3.549555278,22.99733167,146.8007511
7831,3.549801111,22.99880667,142.1059141
7832,3.550131389,23.00078833,137.0889381
7833,3.550456111,23.00273667,132.6202542
7834,3.550705278,23.00423167,135.2851887
7835,3.550954167,23.005725,132.7483223
7836,3.551205,23.00723,131.4127684
7837,3.551453889,23.00872333,130.4220787
7838,3.551786667,23.01072,129.8350764
7839,3.552115278,23.01269167,131.748464
7840,3.552361944,23.01417167,133.2355356
7841,3.552609722,23.01565833,131.2939769
7842,3.552858056,23.01714833,130.5342195
7843,3.553105833,23.018635,128.2099218
7844,3.553438333,23.02063,125.1974617
7845,3.553763056,23.02257833,126.7957177
7846,3.554014167,23.024085,128.9151245
7847,3.554262778,23.02557667,130.9824644
7848,3.554512222,23.02707333,129.9576084
7849,3.55476,23.02856,127.2724182
7850,3.5550975,23.030585,124.7265372
7851,3.555424167,23.032545,122.7676384
7852,3.555669167,23.034015,123.2982757
7853,3.555916389,23.03549833,123.8017759
7854,3.556163889,23.03698333,125.3076525
7855,3.556413611,23.03848167,122.5645544
7856,3.556749722,23.04049833,119.6079932
7857,3.557079444,23.04247667,119.849249
7858,3.557326389,23.04395833,118.858122
7859,3.557575278,23.04545167,115.738657
7860,3.557824722,23.04694833,113.9387972
7861,3.558074722,23.04844833,110.7708748
7862,3.558411667,23.05047,107.7223924
7863,3.55874,23.05244,108.3442522
7864,3.558989444,23.05393667,108.8817751
7865,3.559241389,23.05544833,109.9636814
7866,3.559490833,23.056945,110.4155036
7867,3.559736944,23.05842167,111.2591767
7868,3.560069444,23.06041667,111.5114383
7869,3.560398611,23.06239167,109.3039653
7870,3.560649722,23.06389833,107.444687
7871,3.5609025,23.065415,110.8301974
7872,3.561150278,23.06690167,109.8638271
7873,3.561395556,23.06837333,108.5531022
7874,3.56172,23.07032,107.3116591
7875,3.562042222,23.07225333,107.6007742
7876,3.562290556,23.07374333,110.853534
7877,3.5625375,23.075225,113.7659338
7878,3.562784444,23.07670667,118.3587848
7879,3.563034722,23.07820833,119.6650115
7880,3.563363611,23.08018167,120.9533138
7881,3.563691389,23.08214833,125.6703618
7882,3.563940833,23.083645,126.4393562
7883,3.564190556,23.08514333,128.3341149
7884,3.564442778,23.08665667,134.677173
7885,3.564696667,23.08818,137.7052978
7886,3.565031111,23.09018667,140.4438835
7887,3.565356667,23.09214,142.8147432
7888,3.565605833,23.093635,145.446943
7889,3.565858889,23.09515333,146.6656319
7890,3.566111111,23.09666667,146.0710557
7891,3.56636,23.09816,148.0467942
7892,3.566691389,23.10029667,150.0482856
7893,3.567021944,23.10426333,149.9197915
7894,3.567271389,23.10725667,147.6308624
7895,3.567522778,23.11027333,145.4283075
7896,3.567775,23.1133,145.5744153
7897,3.568024722,23.11629667,146.0852148
7898,3.568357222,23.12028667,146.5590949
7899,3.568687222,23.12424667,147.1726242
7900,3.568937222,23.12724667,148.1334902
7901,3.569185833,23.13023,150.865102
7902,3.569435278,23.13322333,152.7997931
7903,3.569682778,23.13619333,151.4289425
7904,3.570015278,23.14018333,149.7923163
7905,3.570343611,23.14412333,151.0082827
7906,3.570592222,23.14710667,152.4472837
7907,3.570843333,23.15012,152.0572825
7908,3.571093056,23.15311667,154.3633539
7909,3.571342222,23.15610667,152.7621754
7910,3.571673056,23.16007667,150.7623626
7911,3.571995556,23.16394667,149.8465021
7912,3.572243333,23.16692,152.3146774
7913,3.57249,23.16988,153.718957
7914,3.572735833,23.17283,153.0469189
7915,3.572987778,23.17585333,153.2399348
7916,3.573328611,23.17994333,153.7934833
7917,3.573661111,23.18393333,155.1175992
7918,3.573911111,23.18693333,155.0105057
7919,3.574158333,23.1899,154.3063896
7920,3.574406111,23.19287333,154.1158134
7921,3.574655833,23.19587,156.1387964
7922,3.574995556,23.19994667,157.6143535
7923,3.575324444,23.20389333,156.1290763
7924,3.575573889,23.20688667,152.88359
7925,3.575819722,23.20983667,149.4785102
7926,3.576066389,23.21279667,147.0815497
7927,3.576315833,23.21579,146.0573475
7928,3.576654167,23.21985,145.0882385
7929,3.576982778,23.22379333,142.5358248
7930,3.577231389,23.22677667,140.3192986
7931,3.577481667,23.22978,143.1585459
7932,3.577728611,23.23274333,138.8734531
7933,3.577975833,23.23571,143.1591523
7934,3.578311667,23.23974,147.7857699
7935,3.578637778,23.24365333,145.471213
7936,3.578883333,23.2466,141.915642
7937,3.5791275,23.24953,141.7329923
7938,3.579375,23.2525,143.4848439
7939,3.579625278,23.25550333,144.2514049
7940,3.579956111,23.25947333,144.6802481
7941,3.580284167,23.26341,144.4388557
7942,3.580531944,23.26638333,148.5327416
7943,3.580779722,23.26935667,148.017526
7944,3.581026111,23.27231333,150.0674519
7945,3.581273889,23.27528667,150.3764763
7946,3.581603889,23.27924667,150.5777105
7947,3.581931944,23.28318333,156.1493198
7948,3.5821775,23.28613,156.2399215
7949,3.582426111,23.28911333,156.0054719
7950,3.582673889,23.29208667,154.9560577
7951,3.582922222,23.29506667,152.4090907
7952,3.583261111,23.29913333,149.4687226
7953,3.583591667,23.30155,148.8757857
7954,3.583839722,23.30303833,148.7842746
7955,3.584088889,23.30453333,144.2968743
7956,3.584340556,23.30604333,141.6102795
7957,3.584586389,23.30751833,142.2437132
7958,3.584919722,23.30951833,142.9616187
7959,3.585250278,23.31150167,141.0501788
7960,3.585501667,23.31301,144.903968
7961,3.585753056,23.31451833,143.6522366
7962,3.585999722,23.31599833,141.2460444
7963,3.586248333,23.31749,140.3855956
7964,3.586581111,23.31948667,139.3748492
7965,3.586908889,23.32145333,142.5953685
7966,3.587158611,23.32295167,141.5732323
7967,3.587406944,23.32444167,145.3914765
7968,3.587657222,23.32594333,143.0002288
7969,3.587909167,23.327455,143.0672842
7970,3.588245,23.32947,142.7747831
7971,3.588572778,23.33143667,140.6205147
7972,3.588820278,23.33292167,138.959044
7973,3.589068333,23.33441,137.084532
7974,3.589316667,23.3359,137.4656201
7975,3.589565,23.33739,135.0471113
7976,3.589891389,23.33934833,132.6617777
7977,3.590213056,23.34127833,131.9525052
7978,3.590456944,23.34274167,132.7595374
7979,3.590705556,23.34423333,134.1587858
7980,3.590953056,23.34571833,131.2259396
7981,3.591203333,23.34722,127.9277213
7982,3.591543611,23.34926167,124.849486
7983,3.591879722,23.35127833,124.1086427
7984,3.592128889,23.35277333,124.1520735
7985,3.592376944,23.35426167,122.9918799
7986,3.592623333,23.35574,121.630889
7987,3.59287,23.35722,123.6297579
7988,3.593209167,23.359255,125.1685393
7989,3.593538056,23.36122833,128.1869309
7990,3.593785833,23.362715,126.2055589
7991,3.594035,23.36421,126.2692204
7992,3.594290833,23.365745,126.3685042
7993,3.594540556,23.36724333,123.6219668
7994,3.594881389,23.36928833,120.6428916
7995,3.595211111,23.37126667,118.3505311
7996,3.595459722,23.37275833,119.7868882
7997,3.595707222,23.37424333,123.5927158
7998,3.595955,23.37573,125.4572203
7999,3.596204167,23.377225,122.4365759
8000,3.596543611,23.37926167,119.4580034
8001,3.596871667,23.38123,122.4060467
8002,3.597119722,23.38271833,122.107602
8003,3.597366667,23.3842,123.6593529
8004,3.597615833,23.385695,124.3972865
8005,3.597863056,23.38717833,121.3012485
8006,3.598194167,23.389165,118.132257
8007,3.5985225,23.391135,119.6717439
8008,3.598770278,23.39262167,119.6846479
8009,3.599017778,23.39410667,121.3024345
8010,3.599267222,23.39560333,115.8070537
8011,3.599519444,23.39711667,115.6956951
8012,3.599852778,23.39911667,115.4089909
8013,3.600183611,23.40220333,116.4157647
8014,3.600432222,23.40518667,113.949543
8015,3.600676111,23.40811333,110.1725625
8016,3.600920278,23.41104333,110.9244845
8017,3.601169444,23.41403333,110.5683174
8018,3.601501944,23.41802333,110.3193752
8019,3.601825833,23.42191,115.3604464
8020,3.602073611,23.42488333,114.9919839
8021,3.602322778,23.42787333,115.3190416
8022,3.602572222,23.43086667,119.2234487
8023,3.602818889,23.43382667,120.0479394
8024,3.603153333,23.43784,120.7004503
8025,3.603481111,23.44177333,122.17337
8026,3.603727222,23.44472667,124.2818977
8027,3.603975556,23.44770667,125.5241389
8028,3.604222222,23.45066667,124.9708733
8029,3.60447,23.45364,122.9224377
8030,3.604798056,23.45757667,120.4379051
8031,3.605123333,23.46148,122.1499604
8032,3.605368333,23.46442,120.6673773
8033,3.605617778,23.46741333,122.7327534
8034,3.605866944,23.47040333,122.6384279
8035,3.606115,23.47338,126.9359862
8036,3.606445278,23.47734333,131.7035254
8037,3.606771111,23.48125333,130.919898
8038,3.607021944,23.48426333,128.2880007
8039,3.607269722,23.48723667,126.6394901
8040,3.607519167,23.49023,127.9955153
8041,3.607767778,23.49321333,129.5514829
8042,3.608106944,23.49728333,130.4427171
8043,3.608440278,23.50128333,127.2491524
8044,3.608689444,23.50427333,123.8290889
8045,3.608936667,23.50724,123.2202766
8046,3.609188611,23.51026333,120.4816158
8047,3.609438889,23.51326667,116.0201836
8048,3.609771667,23.51726,111.679235
8049,3.610099722,23.52119667,108.8094022
8050,3.610346111,23.52415333,112.0119895
8051,3.610593889,23.52712667,113.1520203
8052,3.610841389,23.53009667,111.3286833
8053,3.611088056,23.53305667,113.6036113
8054,3.611421944,23.53706333,115.9506188
8055,3.611750556,23.54100667,115.4041079
8056,3.611995556,23.54394667,112.8254064
8057,3.612244444,23.54693333,114.1078405
8058,3.612491944,23.54990333,117.1872353
8059,3.612739167,23.55287,118.7951895
8060,3.613070278,23.55684333,120.0919472
8061,3.6133975,23.56077,123.7574186
8062,3.613646111,23.56375333,126.4810742
8063,3.613891667,23.5667,127.4933101
8064,3.61414,23.56968,129.2229227
8065,3.614387778,23.57265333,130.4160765
8066,3.614718611,23.57662333,131.2754945
8067,3.615045,23.58054,138.7011056
8068,3.6152925,23.58351,138.657681
8069,3.615539167,23.58647,136.6594397
8070,3.615788333,23.58946,137.2347876
8071,3.616034444,23.59241333,140.4865318
8072,3.616365278,23.59638333,143.9376925
8073,3.616693333,23.6,148.5646123
8074,3.61694,23.6,147.1016302
8075,3.617185,23.6,144.8918903
8076,3.617433056,23.6,141.6481133
8077,3.617683889,23.6,144.3994162
8078,3.618020833,23.6,146.8589691
8079,3.618351389,23.6,146.4325415
8080,3.6185975,23.6,147.3594498
8081,3.618842222,23.6,150.371593
8082,3.619086944,23.6,146.4105248
8083,3.619334167,23.6,144.3738095
8084,3.619663889,23.6,142.4168998
8085,3.6199875,23.6,142.6767084
8086,3.620235,23.6,141.1239511
8087,3.6204825,23.6,142.402978
8088,3.620731111,23.6,140.9150985
8089,3.620977778,23.6,138.8365797
8090,3.621313889,23.6,136.2866575
8091,3.621646389,23.6,134.8570392
8092,3.621899722,23.6,131.8097446
8093,3.62215,23.6,131.8665679
8094,3.622401111,23.6,131.8073189
8095,3.622654722,23.6,129.8944296
8096,3.622995556,23.6,127.9309847
8097,3.623325,23.6,126.9216545
8098,3.623570278,23.6,126.9222545
8099,3.623820278,23.6,126.8136482
8100,3.624071667,23.6,127.4398039
8101,3.624319167,23.6,126.2835288
8102,3.624661111,23.6,124.8813342
8103,3.624996389,23.6,125.7875124
8104,3.625245,23.6,124.1745796
8105,3.625494167,23.6,123.8614264
8106,3.625744444,23.6,120.7985447
8107,3.625994167,23.6,119.8956849
8108,3.626329722,23.6,119.3031088
8109,3.626659444,23.6,117.3800877
8110,3.626908611,23.6,114.4200499
8111,3.627157222,23.6,111.8182047
8112,3.627404722,23.6,110.4471118
8113,3.627651111,23.6,113.0805986
8114,3.627987222,23.6,115.3758283
8115,3.628318056,23.6,113.7678884
8116,3.628569167,23.6,113.6633391
8117,3.628813889,23.6,117.0414404
8118,3.62906,23.6,118.2847405
8119,3.629310278,23.6,118.449538
8120,3.629645556,23.6,118.666419
8121,3.629972778,23.6,120.0733094
8122,3.630221111,23.6,119.1554071
8123,3.630468056,23.6,118.9230918
8124,3.630714444,23.6,116.8046788
8125,3.6309625,23.6,115.4555129
8126,3.631296944,23.6,113.7982447
8127,3.631630278,23.6,114.3989947
8128,3.631878056,23.6,114.3846497
8129,3.632125278,23.6,114.0762464
8130,3.632373333,23.6,113.3955128
8131,3.632620556,23.6,113.6036262
8132,3.632950556,23.6,113.7368407
8133,3.633275556,23.6,113.6647188
8134,3.633523333,23.60228,114.2945079
8135,3.633770278,23.60524333,108.1448229
8136,3.634020556,23.60824667,110.7024946
8137,3.634266389,23.61119667,108.2466464
8138,3.634605278,23.61526333,105.7014917
8139,3.634936111,23.61923333,110.7117883
8140,3.635183611,23.62220333,110.5508582
8141,3.635431944,23.62518333,110.0398115
8142,3.635682778,23.62819333,111.543474
8143,3.635931389,23.63117667,110.5896988
8144,3.636264722,23.63517667,109.5221591
8145,3.636594444,23.63913333,110.9844965
8146,3.636840278,23.64208333,114.0840735
8147,3.637085278,23.64502333,113.8545806
8148,3.637331111,23.64797333,115.1739863
8149,3.637579444,23.65095333,115.7432812
8150,3.637912222,23.65494667,115.9535305
8151,3.638244722,23.65893667,119.5725308
8152,3.638495278,23.66194333,114.9487295
8153,3.638742778,23.66491333,114.9535789
8154,3.638988611,23.66786333,118.3105725
8155,3.639235278,23.67082333,119.6184991
8156,3.639567778,23.67481333,121.4196055
8157,3.639899444,23.67879333,119.7898446
8158,3.640147222,23.68176667,119.044456
8159,3.640395833,23.68475,117.7263488
8160,3.640648056,23.68777667,121.3380712
8161,3.640894722,23.69073667,122.4665192
8162,3.6412225,23.69467,123.218262
8163,3.641546389,23.69855667,122.0601023
8164,3.641793611,23.70152333,121.4606838
8165,3.642038333,23.70446,122.3025368
8166,3.642284444,23.70741333,124.0330096
8167,3.642532222,23.71038667,122.5747195
8168,3.642866389,23.71439667,120.9766763
8169,3.643194444,23.71833333,124.2750636
8170,3.643444167,23.72133,123.0644418
8171,3.6436925,23.72431,126.0041664
8172,3.643942778,23.72731333,126.6592692
8173,3.644189722,23.73027667,127.7349247
8174,3.644521389,23.73425667,128.5742514
8175,3.644849167,23.73819,127.7654994
8176,3.645096944,23.74116333,126.9736451
8177,3.645344444,23.74413333,128.1808141
8178,3.645590278,23.74708333,129.4928279
8179,3.645838889,23.75006667,132.8709869
8180,3.646167778,23.75401333,136.0502893
8181,3.646490556,23.75788667,137.8143151
8182,3.646738611,23.76086333,137.8953842
8183,3.646986389,23.76383667,139.3234426
8184,3.647236944,23.76684333,137.3623126
8185,3.647482778,23.76979333,140.2840152
8186,3.647819722,23.77383667,143.1267725
8187,3.648146944,23.77776333,149.9350904
8188,3.648393611,23.78072333,152.0581952
8189,3.648639167,23.78367,153.3543291
8190,3.648886111,23.78663333,151.843304
8191,3.649134444,23.78961333,156.8293458
8192,3.649474722,23.79369667,161.965484
8193,3.649804722,23.79765667,165.3322244
8194,3.650054722,23.80032833,164.1648046
8195,3.650305833,23.801835,164.8511009
8196,3.650556389,23.80333833,164.2601983
8197,3.650807778,23.80484667,167.4923568
8198,3.651139722,23.80683833,170.4822949
8199,3.651469167,23.808815,173.7683702
8200,3.651714167,23.810285,173.0220604
8201,3.651963056,23.81177833,178.7781164
8202,3.652215,23.81329,179.2286091
8203,3.652462778,23.81477667,178.578118
8204,3.652799444,23.81679667,177.6358156
8205,3.653126667,23.81876,174.518007
8206,3.653379167,23.820275,171.9324878
8207,3.653628611,23.82177167,172.9539938
8208,3.653877778,23.82326667,171.153676
8209,3.654126667,23.82476,169.3066964
8210,3.654460833,23.826765,167.0895011
8211,3.65479,23.82874,166.0406077
8212,3.6550375,23.830225,163.8203823
8213,3.655287222,23.83172333,163.9239078
8214,3.655539444,23.83323667,161.5560693
8215,3.655786944,23.83472167,160.5316113
8216,3.656118333,23.83671,159.1989507
8217,3.656446389,23.83867833,157.0925664
8218,3.656695,23.84017,153.1351294
8219,3.656945556,23.84167333,150.279004
8220,3.657196667,23.84318,150.6713789
8221,3.657444444,23.84466667,150.5413818
8222,3.657770556,23.84662333,150.2810203
8223,3.658093056,23.84855833,157.4994437
8224,3.658342222,23.85005333,156.3842639
8225,3.658591944,23.85155167,156.5049761
8226,3.658840556,23.85304333,154.23122
8227,3.659089722,23.85453833,152.3150217
8228,3.659424167,23.856545,150.5578588
8229,3.659752222,23.85851333,147.6907118
8230,3.659998333,23.85999,142.8031405
8231,3.660244167,23.861465,140.0156532
8232,3.660489722,23.86293833,136.3737347
8233,3.660733611,23.86440167,139.1776118
8234,3.661060278,23.86636167,142.1597011
8235,3.661389722,23.86833833,139.963551
8236,3.6616375,23.869825,139.8453697
8237,3.661885,23.87131,140.9407388
8238,3.662136389,23.87281833,142.3806532
8239,3.662388333,23.87433,145.7655367
8240,3.6627175,23.876305,148.5344134
8241,3.663040278,23.87824167,149.1940548
8242,3.663287778,23.87972667,145.7419024
8243,3.663535278,23.88121167,142.794234
8244,3.663781111,23.88268667,140.2466546
8245,3.664028611,23.88417167,142.932656
8246,3.664367778,23.88620667,145.6286976
8247,3.664694722,23.88816833,147.5186748
8248,3.664939722,23.88963833,149.4487083
8249,3.665186389,23.89111833,147.9299749
8250,3.665433333,23.8926,147.3696775
8251,3.665681389,23.89408833,148.3231404
8252,3.666011389,23.89606833,149.2508917
8253,3.666334167,23.898005,150.6364036
8254,3.666582778,23.89949667,151.785945
8255,3.666830556,23.9,149.3107081
8256,3.667079722,23.9,149.2150121
8257,3.667331944,23.9,144.6280799
8258,3.667658333,23.9,139.7003965
8259,3.667980833,23.9,139.8718421
8260,3.668228056,23.9,137.986688
8261,3.668476944,23.9,134.1469775
8262,3.668727222,23.9,132.5099488
8263,3.668975833,23.9,129.23508
8264,3.669311944,23.9,125.6796978
8265,3.669639167,23.9,127.9691725
8266,3.669888333,23.9,127.7591817
8267,3.670138056,23.9,124.1934005
8268,3.670385556,23.9,124.2308568
8269,3.6706325,23.9,124.5619342
8270,3.670964167,23.9,125.1965391
8271,3.671291389,23.9,124.480963
8272,3.6715425,23.9,120.8038112
8273,3.671790278,23.9,119.5464761
8274,3.672039444,23.9,121.6140534
8275,3.672288056,23.9,120.3159343
8276,3.672620556,23.9,118.433381
8277,3.672947778,23.9,117.3093885
8278,3.673197222,23.9,115.3031669
8279,3.673445,23.9,114.8998639
8280,3.673691389,23.9,116.0539618
8281,3.67394,23.9,115.7838225
8282,3.674270833,23.9,115.8099095
8283,3.674596944,23.9,114.8388077
8284,3.674844722,23.9,113.345316
8285,3.675093056,23.9,113.7309735
8286,3.675341944,23.9,114.4082135
8287,3.675589444,23.9,114.1550094
8288,3.675921389,23.9,113.7954113
8289,3.676249167,23.9,114.8911759
8290,3.676498333,23.9,109.4291265
8291,3.676750556,23.9,111.2831278
8292,3.676999444,23.9,115.1798217
8293,3.677248056,23.9,117.7316499
8294,3.6775825,23.9,119.8103657
8295,3.677912222,23.9,119.1484942
8296,3.678164167,23.9,120.1005331
8297,3.678414444,23.9,119.2987774
8298,3.678663333,23.9,120.0055909
8299,3.678914444,23.9,119.2768308
8300,3.679250556,23.9,118.6783534
8301,3.679579444,23.9,115.3974621
8302,3.679828056,23.9,117.5140939
8303,3.680077778,23.9,115.1736912
8304,3.680328889,23.9,110.828103
8305,3.68058,23.9,111.3389322
8306,3.680913889,23.9,111.9047256
8307,3.681244444,23.9,115.5661909
8308,3.681492222,23.9,119.107509
8309,3.681742778,23.9,125.5260903
8310,3.681992222,23.9,125.985097
8311,3.682238889,23.9,127.1166952
8312,3.682570278,23.9,127.9583105
8313,3.682899167,23.9,128.7011133
8314,3.683145278,23.9,130.1716905
8315,3.683393611,23.90072333,131.7879359
8316,3.683641389,23.90369667,132.6112172
8317,3.683889722,23.90667667,135.5708292
8318,3.684216944,23.91060333,138.6904185
8319,3.684539444,23.91447333,146.0400691
8320,3.684788889,23.91746667,145.8679547
8321,3.685041111,23.92049333,146.1840942
8322,3.685287778,23.92345333,149.1821831
8323,3.685533611,23.92640333,149.5069676
8324,3.685868889,23.93042667,149.3486362
8325,3.686198611,23.93438333,149.1668495
8326,3.686443889,23.93732667,148.4406244
8327,3.686694722,23.94033667,147.5423664
8328,3.686943611,23.94332333,147.0881646
8329,3.687193889,23.94632667,149.7565373
8330,3.687527222,23.95032667,152.2186285
8331,3.687851944,23.95422333,156.0288936
8332,3.688099167,23.95719,158.2455525
8333,3.688345278,23.96014333,160.7915975
8334,3.688592778,23.96311333,158.9440778
8335,3.688839722,23.96607667,159.4634893
8336,3.689168611,23.97002333,159.6872697
8337,3.689491111,23.97389333,158.4971054
8338,3.689736944,23.97684333,156.9266103
8339,3.689983611,23.97980333,153.5618904
8340,3.690233333,23.9828,154.875986
8341,3.690483611,23.98580333,155.94104
8342,3.690823333,23.98988,157.1665514
8343,3.691149722,23.99379667,163.061552
8344,3.691397222,23.99676667,164.9865693
8345,3.691646667,23.99976,162.0724826
8346,3.691894167,24.00273,162.3603873
8347,3.692142778,24.00571333,163.0958061
8348,3.692474722,24.00969667,163.3831872
8349,3.692800556,24.01360667,163.4271384
8350,3.693045556,24.01654667,162.298053
8351,3.693293056,24.01951667,162.3512504
8352,3.693540833,24.02249,162.4620265
8353,3.69379,24.02548,165.8602418
8354,3.694126389,24.02951667,169.7250718
8355,3.694453889,24.03344667,171.804741
8356,3.694701111,24.03641333,170.053909
8357,3.6949525,24.03943,169.4860301
8358,3.695201667,24.04242,171.0232113
8359,3.695453056,24.04543667,173.9466582
8360,3.695781389,24.04937667,176.0564941
8361,3.696103889,24.05324667,177.1248626
8362,3.696353056,24.05623667,175.0742534
8363,3.696598056,24.05917667,175.1264842
8364,3.696843889,24.06212667,173.6906854
8365,3.697091667,24.0651,174.3829068
8366,3.697426111,24.06911333,175.3085951
8367,3.697755833,24.07307,174.6127912
8368,3.6980025,24.07603,175.8384052
8369,3.698247222,24.07896667,173.2804055
8370,3.698493333,24.08192,168.1176218
8371,3.698742778,24.08491333,167.74275
8372,3.699074722,24.08889667,167.1489368
8373,3.699399722,24.09279667,171.4662123
8374,3.699646389,24.09575667,172.73709
8375,3.699891944,24.09870333,175.3909581
8376,3.70014,24.10084,175.9898477
8377,3.700390278,24.10234167,172.4989264
8378,3.700720278,24.10432167,168.5333231
8379,3.701046111,24.10627667,170.2740234
8380,3.701293889,24.10776333,169.9050907
8381,3.701541389,24.10924833,168.30376
8382,3.701786667,24.11072,166.60052
8383,3.702035833,24.112215,165.3481774
8384,3.702372222,24.11423333,163.9562116
8385,3.702700833,24.116205,167.5419943
8386,3.702949722,24.11769833,164.6813166
8387,3.7032,24.1192,163.3013488
8388,3.703450556,24.12070333,161.801886
8389,3.703700833,24.122205,157.7359419
8390,3.704033611,24.12420167,153.8056775
8391,3.704358611,24.12615167,148.3472303
8392,3.704605278,24.12763167,147.5133497
8393,3.704851944,24.12911167,146.8014352
8394,3.705100556,24.13060333,141.9779502
8395,3.705349167,24.132095,138.4237674
8396,3.705684444,24.13410667,134.6664481
8397,3.706014167,24.136085,134.1595548
8398,3.706261944,24.13757167,137.989762
8399,3.706514167,24.139085,137.2055635
8400,3.706761944,24.14057167,139.7803008
8401,3.707011944,24.14207167,137.9018242
8402,3.707342222,24.14405333,135.9573479
8403,3.707666111,24.14599667,136.7529277
8404,3.707911111,24.14746667,134.4156371
8405,3.708157778,24.14894667,134.2650695
8406,3.708403611,24.15042167,135.0518581
8407,3.708652222,24.15191333,131.9217089
8408,3.708988333,24.15393,128.7660824
8409,3.709315,24.15589,126.7445061
8410,3.7095625,24.157375,123.8324207
8411,3.709810833,24.158865,120.93365
8412,3.7100575,24.160345,123.7438743
8413,3.710305278,24.16183167,123.2825757
8414,3.710636111,24.16381667,122.7996022
8415,3.710960556,24.16576333,124.2873236
8416,3.711208611,24.16725167,124.9221724
8417,3.7114575,24.168745,124.8715042
8418,3.711705,24.17023,123.3192958
8419,3.7119525,24.171715,122.6826959
8420,3.71228,24.17368,121.8293518
8421,3.712601389,24.17560833,119.5477804
8422,3.712847222,24.17708333,122.1925418
8423,3.713095556,24.17857333,121.1198877
8424,3.713343333,24.18006,118.778257
8425,3.713591667,24.18155,116.2803533
8426,3.713926111,24.18355667,113.6478816
8427,3.714254167,24.185525,115.8333522
8428,3.714499444,24.18699667,116.3464907
8429,3.714745,24.18847,121.0040065
8430,3.714992778,24.18995667,121.8305087
8431,3.715241944,24.19145167,120.3956273
8432,3.715573056,24.19343833,118.420611
8433,3.7158975,24.195385,118.0130122
8434,3.716144167,24.196865,118.6440704
8435,3.7163925,24.198355,118.2399854
8436,3.716642778,24.19985667,116.3059582
8437,3.716889722,24.2,118.7170068
8438,3.717220556,24.2,121.8463797
8439,3.717546944,24.2,126.7584278
8440,3.717794167,24.2,126.3373444
8441,3.718043611,24.2,125.1849451
8442,3.718293056,24.2,127.9498984
8443,3.718539722,24.2,127.4265763
8444,3.718875278,24.2,126.2179495
8445,3.719206944,24.2,127.6686911
8446,3.719456667,24.2,128.6043694
8447,3.719705833,24.2,125.0879437
8448,3.719955278,24.2,128.1601845
8449,3.720203889,24.2,130.1848264
8450,3.72054,24.2,132.1846956
8451,3.720867778,24.2,132.9540473
8452,3.721118611,24.2,138.1089655
8453,3.721368056,24.2,141.5173804
8454,3.721620833,24.2,139.9038482
8455,3.721874167,24.2,141.6158374
8456,3.722207778,24.2,142.918776
8457,3.722534722,24.2,144.0055868
8458,3.722781389,24.2,147.1956187
8459,3.723029167,24.2,140.1593968
8460,3.723275833,24.2,138.355918
8461,3.723523611,24.2,140.091555
8462,3.723858611,24.2,141.8735957
8463,3.724186111,24.2,141.8674586
8464,3.7244325,24.2,142.012383
8465,3.724681389,24.2,141.6086734
8466,3.724931389,24.2,146.4682528
8467,3.725180833,24.2,147.4361185
8468,3.725511944,24.2,148.0190108
8469,3.725836389,24.2,147.9257663
8470,3.726082778,24.2,149.553818
8471,3.726331111,24.2,148.0923983
8472,3.726582778,24.2,149.3615761
8473,3.726831944,24.2,154.0796279
8474,3.727160278,24.2,158.9637061
8475,3.727485278,24.2,162.4925932
8476,3.727733889,24.2,162.4130155
8477,3.727986111,24.2,159.0088574
8478,3.728237222,24.2,161.7708642
8479,3.728491389,24.2,162.5539914
8480,3.728824722,24.2,163.2902981
8481,3.729154722,24.2,162.0695252
8482,3.729404167,24.2,163.2327018
8483,3.729655278,24.2,166.9414333
8484,3.729904722,24.2,168.428267
8485,3.7301525,24.2,166.4649461
8486,3.730485278,24.2,164.4237553
8487,3.730810833,24.2,159.8810871
8488,3.73106,24.2,160.8404558
8489,3.731312222,24.2,160.4438824
8490,3.731562222,24.2,157.5857796
8491,3.731809167,24.2,157.7313642
8492,3.732139722,24.2,157.3840637
8493,3.732468056,24.2,158.6390454
8494,3.732716389,24.2,158.0421339
8495,3.7329625,24.2,159.998018
8496,3.733210833,24.2,159.3423303
8497,3.733461389,24.20076833,156.4028191
8498,3.733792778,24.20275667,153.5347173
8499,3.734122778,24.20473667,157.5379672
8500,3.734371667,24.20623,158.2156628
8501,3.734621667,24.20773,158.0103629
8502,3.734873056,24.20923833,160.8394565
8503,3.735122778,24.21073667,161.8944628
8504,3.735456667,24.21274,162.9341578
8505,3.735782222,24.21469333,163.3333358
8506,3.736031667,24.21619,161.4054134
8507,3.736281944,24.21769167,164.4568066
8508,3.736533333,24.2192,166.391205
8509,3.7367875,24.220725,163.3702046
8510,3.737119722,24.22271833,159.7607396
8511,3.737445,24.22467,159.7163078
8512,3.737690833,24.226145,163.0320083
8513,3.737935833,24.227615,161.6190599
8514,3.738184722,24.22910833,160.0266617
8515,3.738435556,24.23061333,152.860275
8516,3.738771667,24.23263,145.728591
8517,3.739102778,24.23461667,147.0709664
8518,3.739347778,24.23608667,152.2889359
8519,3.739594167,24.237565,152.0601092
8520,3.739842778,24.23905667,153.5720874
8521,3.740090556,24.24054333,151.83109
8522,3.740423056,24.24253833,149.8347702
8523,3.740750278,24.24450167,151.5292832
8524,3.740996944,24.24598167,151.2907974
8525,3.741246111,24.24747667,150.1789561
8526,3.741495,24.24897,151.5349395
8527,3.741742778,24.25045667,149.0144612
8528,3.742076111,24.25245667,146.1207609
8529,3.742401389,24.25440833,143.6047089
8530,3.742644722,24.25586833,140.8123472
8531,3.742893056,24.25735833,138.3082682
8532,3.743140556,24.25884333,136.1342257
8533,3.743388333,24.26033,131.7213866
8534,3.743716111,24.26229667,127.6044407
8535,3.744039722,24.26423833,129.984202
8536,3.744284722,24.26570833,130.3185914
8537,3.744535833,24.267215,129.2910578
8538,3.744785278,24.26871167,125.9043098
8539,3.745034444,24.27020667,127.9337413
8540,3.745369444,24.27221667,129.5572948
8541,3.745697222,24.27418333,129.5985133
8542,3.745943889,24.27566333,128.6561299
8543,3.7461925,24.277155,131.2757202
8544,3.746443611,24.27866167,128.9716988
8545,3.746694167,24.280165,124.5123213
8546,3.747029444,24.28217667,119.963719
8547,3.747360278,24.28416167,121.1406934
8548,3.747607222,24.28564333,118.4344589
8549,3.747853056,24.28711833,119.494301
8550,3.7481025,24.288615,120.3219405
8551,3.748350556,24.29010333,119.1138319
8552,3.748684444,24.29210667,117.3495957
8553,3.749014167,24.294085,119.7697573
8554,3.749265278,24.29559167,119.1426939
8555,3.749515556,24.29709333,118.9832382
8556,3.749766111,24.29859667,119.5179432
8557,3.750015278,24.30009167,117.6960753
8558,3.7503475,24.302085,116.035698
8559,3.750674444,24.30404667,113.3334335
8560,3.750923889,24.30554333,112.6357323
8561,3.751175833,24.307055,113.1881842
8562,3.751426389,24.30855833,112.2725886
8563,3.751675833,24.310055,112.3584034
8564,3.752004722,24.31202833,112.8277551
8565,3.75233,24.31398,114.9731267
8566,3.752578333,24.31547,115.5036979
8567,3.752824444,24.31694667,116.5257077
8568,3.753070278,24.31842167,119.6610578
8569,3.753317222,24.31990333,123.8465836
8570,3.753657778,24.32194667,127.7236779
8571,3.753988333,24.32393,123.1340352
8572,3.754238611,24.32543167,126.255718
8573,3.7544875,24.326925,128.4299392
8574,3.754733889,24.32840333,128.5467692
8575,3.754980833,24.329885,130.7136654
8576,3.755320833,24.331925,132.3190551
8577,3.755647778,24.33388667,135.1421792
8578,3.755896389,24.33537833,139.8678749
8579,3.756143889,24.33686333,135.8438786
8580,3.756389722,24.33833833,134.7296215
8581,3.756637778,24.33982667,137.8536508
8582,3.756967222,24.34180333,141.0512671
8583,3.757294444,24.34376667,137.9430323
8584,3.757541389,24.34524833,139.0896697
8585,3.757787222,24.34672333,141.5931674
8586,3.758037222,24.34822333,146.1300954
8587,3.758285556,24.34971333,150.7113782
8588,3.758613056,24.35167833,155.0127474
8589,3.758936667,24.35362,157.4650859
8590,3.759184722,24.35510833,158.8267752
8591,3.759434722,24.35660833,157.4926819
8592,3.759686667,24.35812,159.735111
8593,3.759934167,24.359605,160.0069959
8594,3.760271389,24.36162833,160.0182217
8595,3.760603056,24.36361833,163.8882131
8596,3.760851667,24.36511,168.6646023
8597,3.761100833,24.366605,166.7202126
8598,3.761348611,24.36809167,168.2892041
8599,3.761601111,24.36960667,165.0723077
8600,3.761936111,24.37161667,161.7492293
8601,3.762264167,24.373585,161.7915415
8602,3.762513611,24.37508167,161.4931732
8603,3.762763333,24.37658,165.6067566
8604,3.763018889,24.37811333,169.3527911
8605,3.763269444,24.37961667,171.3293777
8606,3.763605556,24.38163333,173.5104554
8607,3.763934444,24.38360667,172.7640846
8608,3.764181944,24.38509167,176.549506
8609,3.764426111,24.38655667,178.1029397
8610,3.764675556,24.38805333,179.4168001
8611,3.764924167,24.389545,184.1876295
8612,3.7652575,24.391545,188.4698997
8613,3.765584167,24.393505,188.6494504
8614,3.765831667,24.39499,189.3504769
8615,3.766076667,24.39646,188.4273769
8616,3.766323889,24.39794333,184.739124
8617,3.766569722,24.39941833,183.5636601
8618,3.766906389,24.40143833,182.4610356
8619,3.767238889,24.40343333,186.4208811
8620,3.767484722,24.40490833,184.2567852
8621,3.767732222,24.40639333,181.9958495
8622,3.767977222,24.40786333,185.4390556
8623,3.768225556,24.40935333,186.3946366
8624,3.768555278,24.41133167,187.345628
8625,3.768880833,24.413285,187.1747646
8626,3.769130833,24.414785,185.0702157
8627,3.769381667,24.41629,185.0040601
8628,3.769628889,24.41777333,187.6426048
8629,3.769876667,24.41926,186.6230028
8630,3.770214722,24.42128833,184.7544761
8631,3.770546667,24.42328,185.0934804
8632,3.770798333,24.42479,188.0176274
8633,3.771049722,24.42629833,188.611917
8634,3.771301111,24.42780667,189.124485
8635,3.7715525,24.429315,187.1752001
8636,3.771882222,24.43129333,185.2100374
8637,3.772209167,24.433255,184.8198811
8638,3.772463333,24.43478,187.7210187
8639,3.772713889,24.43628333,189.3315026
8640,3.772961389,24.43776833,186.2593371
8641,3.77321,24.43926,185.3391691
8642,3.773546944,24.44128167,184.5122765
8643,3.773875833,24.443255,184.2322032
8644,3.774121667,24.44473,181.9131807
8645,3.774367778,24.44620667,182.4590931
8646,3.774616389,24.44769833,183.5617282
8647,3.774866667,24.4492,183.6578669
8648,3.775201944,24.45121167,183.3886896
8649,3.775530833,24.453185,184.5598733
8650,3.775781389,24.45468833,183.431992
8651,3.776028889,24.45617333,177.6130007
8652,3.77628,24.45768,176.1780262
8653,3.776530556,24.45918333,173.0928348
8654,3.776860278,24.46116167,169.8708357
8655,3.777185833,24.463115,172.446411
8656,3.777433333,24.4646,172.2944432
8657,3.777681667,24.46609,170.5353168
8658,3.777933056,24.46759833,167.3965347
8659,3.778184444,24.46910667,171.4079382
8660,3.778519722,24.47111833,174.9742585
8661,3.778849444,24.47309667,174.9999325
8662,3.779100833,24.474605,171.3662193
8663,3.779351111,24.47610667,168.6611265
8664,3.779597222,24.47758333,163.8271589
8665,3.779846667,24.47908,160.0068404
8666,3.780179167,24.481075,156.2400169
8667,3.780507778,24.48304667,156.9485445
8668,3.780756389,24.48453833,155.2527364
8669,3.781002222,24.48601333,155.9653884
8670,3.781251111,24.48750667,156.3259784
8671,3.781501389,24.48900833,153.0072873
8672,3.781829444,24.49097667,149.2501253
8673,3.782151111,24.49290667,149.2552554
8674,3.782398889,24.49439333,150.3845427
8675,3.782645556,24.49587333,150.3951786
8676,3.782891944,24.49735167,153.3661207
8677,3.783141667,24.49885,147.1588152
8678,3.783477778,24.50086667,140.6221175
8679,3.783805,24.50283,138.8189563
8680,3.784056111,24.50433667,134.9933371
8681,3.7843075,24.505845,132.4405891
8682,3.784555278,24.50733167,128.098579
8683,3.784805556,24.50883333,126.6366176
8684,3.785138056,24.51082833,125.6499075
8685,3.785465,24.51279,126.4621532
8686,3.785711111,24.51426667,127.0711722
8687,3.785958333,24.51575,126.8270905
8688,3.786208056,24.51724833,125.9073228
8689,3.786458611,24.51875167,126.9763361
8690,3.786788056,24.52072833,127.7721312
8691,3.787114722,24.52268833,121.3923874
8692,3.787363056,24.52417833,119.684036
8693,3.787610833,24.525665,119.9116074
8694,3.787858333,24.52715,118.4022875
8695,3.788105,24.52863,117.6654917
8696,3.788436667,24.53062,116.3665313
8697,3.788761944,24.53257167,113.7897481
8698,3.789010278,24.53406167,117.615726
8699,3.789256944,24.53554167,115.9721346
8700,3.789503889,24.53702333,116.056698
8701,3.7897525,24.538515,113.9045104
8702,3.790083889,24.54050333,112.1886336
8703,3.790411111,24.54246667,111.0380469
8704,3.790663333,24.54398,108.0843246
8705,3.790913611,24.54548167,108.8857722
8706,3.791162222,24.54697333,109.7161796
8707,3.791410833,24.548465,112.3774891
8708,3.791744444,24.55046667,114.7406818
8709,3.792071389,24.55242833,116.7451862
8710,3.792320833,24.553925,119.6531014
8711,3.792572222,24.55543333,121.8284689
8712,3.792823333,24.55694,123.9752372
8713,3.793071944,24.55843167,117.1860355
8714,3.793408333,24.56045,110.2017805
8715,3.793736944,24.56242167,112.653378
8716,3.793985556,24.56391333,114.6211102
8717,3.794235,24.56541,113.7271086
8718,3.794482222,24.56689333,115.8244784
8719,3.794734167,24.568405,113.2597587
8720,3.7950675,24.570405,110.3649935
8721,3.795393611,24.57236167,111.1839628
8722,3.795643056,24.57385833,111.5042819
8723,3.79589,24.57534,114.3678344
8724,3.796136667,24.57682,114.1203919
8725,3.796386111,24.57831667,115.812804
8726,3.796714444,24.58028667,117.7412856
8727,3.797038889,24.58223333,116.793955
8728,3.797288056,24.58372833,118.6497659
8729,3.797537778,24.58522667,118.7855899
8730,3.797786111,24.58671667,120.6608866
8731,3.798035556,24.58821333,126.97524
8732,3.798366944,24.59020167,132.9074464
8733,3.798691389,24.59214833,137.4388925
8734,3.798939167,24.593635,137.3557371
8735,3.799186111,24.59511667,135.8461553
8736,3.799432778,24.59659667,137.0523721
8737,3.799689444,24.59813667,136.5209297
8738,3.800026389,24.60015833,136.3374689
8739,3.800353056,24.60211833,140.1249034
8740,3.800601389,24.60360833,143.0801891
8741,3.800855278,24.60513167,140.4467893
8742,3.801105556,24.60663333,142.4539684
8743,3.801355278,24.60813167,142.8469859
8744,3.801685833,24.610115,142.8775202
8745,3.802011111,24.61206667,142.5665731
8746,3.802258889,24.61355333,142.7729492
8747,3.802505556,24.61503333,143.1817479
8748,3.802751944,24.61651167,147.4087853
8749,3.803000556,24.61800333,147.1826403
8750,3.803326111,24.61995667,146.7000659
8751,3.803648611,24.62189167,144.812618
8752,3.803896944,24.62338167,146.6203143
8753,3.804143056,24.62485833,148.4586636
8754,3.804391389,24.62634833,147.4110525
8755,3.804641111,24.62784667,149.6000452
8756,3.804976389,24.62985833,151.8117673
8757,3.805303333,24.63182,149.5442421
8758,3.805549167,24.633295,150.8940317
8759,3.805801111,24.63480667,154.5578884
8760,3.806051944,24.63631167,155.2921178
8761,3.806301111,24.63780667,155.7297615
8762,3.806633889,24.63980333,155.686168
8763,3.806963056,24.64177833,155.800446
8764,3.807213056,24.64327833,150.9337491
8765,3.80746,24.64476,151.7738677
8766,3.807706667,24.64624,152.1644028
8767,3.807956111,24.64773667,150.6447382
8768,3.808284167,24.649705,149.2991784
8769,3.808606667,24.65164,153.8807243
8770,3.808855,24.65313,159.4262049
8771,3.809103056,24.65461833,157.5547378
8772,3.809351111,24.65610667,161.2490118
8773,3.809600556,24.65760333,161.8416493
8774,3.809936944,24.65962167,162.0086291
8775,3.810266111,24.66159667,165.3820095
8776,3.810510833,24.663065,165.71897
8777,3.810758333,24.66455,165.9815219
8778,3.81101,24.66606,164.0930219
8779,3.811261944,24.66757167,168.901316
8780,3.8115975,24.669585,173.5633636
8781,3.811924444,24.67154667,175.3077155
8782,3.812172778,24.67303667,175.4110441
8783,3.812420556,24.67452333,174.4018153
8784,3.812670833,24.676025,175.451243
8785,3.812918611,24.67751167,178.6983544
8786,3.813253611,24.67952167,182.0871593
8787,3.813581111,24.68148667,184.3606094
8788,3.813827778,24.68296667,184.2564566
8789,3.814074722,24.68444833,184.544606
8790,3.814321944,24.68593167,181.5884671
8791,3.814573333,24.68744,180.8961958
8792,3.814910556,24.68946333,179.8077127
8793,3.815238333,24.69143,178.1185056
8794,3.815486389,24.69291833,179.8685625
8795,3.8157375,24.694425,179.6962889
8796,3.815985,24.69591,179.4267154
8797,3.816231667,24.69739,177.0856606
8798,3.816561667,24.69937,174.7307299
8799,3.816886944,24.70132167,177.5387577
8800,3.817134722,24.70280833,179.8175125
8801,3.817378611,24.70427167,177.9354394
8802,3.817624167,24.705745,177.1163349
8803,3.817871111,24.70722667,175.445458
8804,3.818214722,24.70928833,173.8395756
8805,3.818546944,24.71128167,178.0016457
8806,3.818793889,24.71276333,179.7650483
8807,3.8190425,24.714255,178.8709695
8808,3.819291944,24.71575167,176.9258408
8809,3.819539722,24.71723833,177.8645632
8810,3.819873889,24.71924333,178.2808767
8811,3.820201111,24.72120667,176.0068467
8812,3.820446111,24.72267667,174.4695905
8813,3.820694444,24.72416667,174.0477492
8814,3.820946944,24.72568167,171.9384945
8815,3.821196111,24.72717667,167.5014498
8816,3.821523333,24.72914,162.662842
8817,3.821848333,24.73109,156.9187876
8818,3.822097222,24.73258333,156.671912
8819,3.822346389,24.73407833,157.4004638
8820,3.822595278,24.73557167,159.1315829
8821,3.822845278,24.73707167,153.0510839
8822,3.823176111,24.73905667,147.3376377
8823,3.823500278,24.74100167,147.227368
8824,3.823746389,24.74247833,142.7252973
8825,3.823995833,24.743975,143.8808302
8826,3.824247222,24.74548333,149.0899273
8827,3.824497778,24.74698667,149.2299612
8828,3.824826389,24.74895833,148.7881061
8829,3.825146944,24.75088167,146.5257657
8830,3.825390833,24.752345,151.6443745
8831,3.825637778,24.75382667,156.2881208
8832,3.825887222,24.75532333,160.1994143
8833,3.826133333,24.7568,156.6538649
8834,3.826465556,24.75879333,152.9189167
8835,3.826789444,24.76073667,151.08272
8836,3.827034722,24.76220833,150.8372129
8837,3.827279722,24.76367833,148.9212231
8838,3.827525,24.76515,151.0715653
8839,3.827770278,24.76662167,152.1352696
8840,3.828109444,24.76865667,153.0917736
8841,3.828440278,24.77064167,154.7738954
8842,3.828688889,24.77213333,157.7000238
8843,3.828938056,24.77362833,158.9201692
8844,3.829188611,24.77513167,157.8767757
8845,3.829438056,24.77662833,155.5554825
8846,3.829777222,24.77866333,153.2256597
8847,3.830110833,24.780665,148.4736209
8848,3.830357222,24.78214333,149.1263497
8849,3.830605556,24.78363333,151.3311054
8850,3.8308525,24.785115,149.1899017
8851,3.831101389,24.78660833,151.4721447
8852,3.831438333,24.78863,153.2229235
8853,3.831770833,24.790625,156.8969921
8854,3.832021389,24.79212833,156.0148847
8855,3.832271667,24.79363,156.0984635
8856,3.832520278,24.79512167,156.584336
8857,3.832769722,24.79661833,154.7671124
8858,3.833105,24.79863,153.3580908
8859,3.833437222,24.80062333,155.8026065
8860,3.833685278,24.80211167,160.376753
8861,3.833932778,24.80359667,156.1550896
8862,3.834182222,24.80509333,157.0787372
8863,3.834429722,24.80657833,155.7915301
8864,3.834764167,24.808585,154.1482512
8865,3.835093889,24.81056333,152.5106015
8866,3.835341944,24.81205167,153.6617956
8867,3.835590278,24.81354167,152.4333894
8868,3.8358425,24.815055,157.4374044
8869,3.83609,24.81654,158.0097223
8870,3.836419167,24.818515,158.678175
8871,3.836743333,24.82046,156.7787769
8872,3.836991111,24.82194667,159.0923689
8873,3.837238611,24.82343167,161.752777
8874,3.837487222,24.82492333,161.0972473
8875,3.837735833,24.826415,165.6591116
8876,3.838068611,24.82841167,169.8313571
8877,3.838393611,24.83036167,169.1552825
8878,3.838644167,24.831865,170.9477008
8879,3.838891389,24.83334833,171.8726025
8880,3.839139167,24.834835,173.5167456
8881,3.839385,24.83631,174.032725
8882,3.839717778,24.83830667,173.9088554
8883,3.840043889,24.84026333,175.6654471
8884,3.840293333,24.84176,172.9512004
8885,3.840541667,24.84325,170.0810868
8886,3.840789722,24.84473833,168.9858291
8887,3.841037222,24.84622333,166.1613337
8888,3.841370556,24.84822333,163.3199862
8889,3.841698611,24.85019167,163.8765135
8890,3.841944444,24.85166667,168.5794284
8891,3.842191111,24.85314667,168.6439639
8892,3.842437222,24.85462333,172.1810666
8893,3.842681944,24.85609167,172.5986638
8894,3.843011667,24.85807,173.0109162
8895,3.843340556,24.86004333,175.2658893
8896,3.843588333,24.86153,177.8477268
8897,3.843838611,24.86303167,177.0627875
8898,3.844086389,24.86451833,176.927757
8899,3.844335556,24.86601333,177.0274369
8900,3.844666389,24.86799833,176.7792524
8901,3.84499,24.86994,174.4657757
8902,3.845240556,24.87144333,175.9128575
8903,3.845487222,24.87292333,175.951482
8904,3.845735556,24.87441333,176.6236618
8905,3.845984167,24.875905,178.5392993
8906,3.846325833,24.877955,180.4786132
8907,3.846660556,24.87996333,178.9043732
8908,3.846911667,24.88147,179.9673189
8909,3.847160278,24.88296167,179.7224742
8910,3.847411389,24.88446833,175.0462024
8911,3.847660556,24.88596333,174.8313414
8912,3.847995,24.88797,174.46116
8913,3.848323056,24.88993833,171.5734073
8914,3.848576111,24.89145667,170.4317755
8915,3.848825833,24.892955,170.6059888
8916,3.849078056,24.89446833,168.6759899
8917,3.849327778,24.89596667,169.0942101
8918,3.849661944,24.89797167,169.3724884
8919,3.84999,24.89994,170.4629283
8920,3.850241389,24.9,169.1844986
8921,3.850493333,24.9,171.9101639
8922,3.850745556,24.9,173.1962459
8923,3.850997222,24.9,169.8934135
8924,3.8513325,24.9,166.6264534
8925,3.851653889,24.9,169.3318545
8926,3.851901667,24.9,170.9267802
8927,3.852153056,24.9,170.7241434
8928,3.852402222,24.9,171.567593
8929,3.852651667,24.9,172.9371334
8930,3.852984167,24.9,174.0075515
8931,3.853311389,24.9,174.956498
8932,3.853559722,24.9,176.5840021
8933,3.853809444,24.9,178.1275736
8934,3.854055278,24.9,178.2055292
8935,3.854303056,24.9,174.6956703
8936,3.85464,24.9,171.0147687
8937,3.854968333,24.9,171.6321236
8938,3.855220278,24.9,169.6055188
8939,3.855468889,24.9,170.0892159
8940,3.855718333,24.9,171.4619577
8941,3.855971111,24.9,170.7304778
8942,3.856301111,24.9,169.7066531
8943,3.856624444,24.9,167.8333945
8944,3.856873056,24.9,169.0002339
8945,3.85712,24.9,168.1913577
8946,3.857366944,24.9,170.9579086
8947,3.857615278,24.9,168.5156635
8948,3.857945,24.9,165.8410805
8949,3.858266944,24.9,159.8886212
8950,3.858515,24.9,160.494844
8951,3.858763611,24.9,160.3036014
8952,3.859012222,24.9,162.8839753
8953,3.859259167,24.9,158.2403853
8954,3.859597222,24.9,153.5108911
8955,3.859926111,24.9,152.5798641
8956,3.860175556,24.9,152.3659349
8957,3.860423889,24.9,149.9037402
8958,3.8606725,24.9,146.9777147
8959,3.860919167,24.9,147.9029398
8960,3.861251111,24.9,148.4576525
8961,3.861578889,24.9,148.1902239
8962,3.861824722,24.9,148.8021192
8963,3.862073333,24.9,149.3464459
8964,3.862323056,24.9,150.2486916
8965,3.862573056,24.9,147.7038673
8966,3.862909167,24.9,145.5046694
8967,3.863235,24.9,143.3639604
8968,3.863482222,24.9,142.0689478
8969,3.863731111,24.9,142.3400181
8970,3.863978611,24.9,141.9425902
8971,3.864229444,24.9,141.2693125
8972,3.864556944,24.9,140.0427686
8973,3.864878611,24.9,141.9092232
8974,3.8651225,24.9,146.5958976
8975,3.865371667,24.9,149.1488415
8976,3.865621389,24.9,147.5033944
8977,3.865871667,24.9,147.9185595
8978,3.866205278,24.9,148.2747685
8979,3.866530556,24.9,149.8127566
8980,3.866778333,24.90067,148.6371109
8981,3.867026667,24.90216,146.4309059
8982,3.867275278,24.90365167,150.3444634
8983,3.867526667,24.90516,149.5956219
8984,3.867853889,24.90712333,149.061298
8985,3.868177222,24.90906333,147.0751399
8986,3.868424722,24.91054833,145.6697712
8987,3.8686725,24.912035,144.5842339
8988,3.8689225,24.913535,147.1091119
8989,3.869175833,24.915055,147.2900719
8990,3.869506667,24.91704,147.146411
8991,3.869829167,24.918975,145.8345458
8992,3.870075,24.92045,147.2894292
8993,3.8703225,24.921935,147.3724014
8994,3.870569167,24.923415,148.2395291
8995,3.870812222,24.92487333,151.2013365
8996,3.871146667,24.92688,154.0393928
8997,3.871473611,24.92884167,154.3652397
8998,3.871720833,24.930325,157.4660429
8999,3.8719675,24.931805,157.2551405
9000,3.872216944,24.93330167,158.1234329
9001,3.872467222,24.93480333,156.8910897
9002,3.872798889,24.93679333,155.398627
9003,3.873124722,24.93874833,159.2870032
9004,3.873373333,24.94024,158.0918335
9005,3.873621389,24.94172833,155.3384218
9006,3.873868889,24.94321333,152.2175766
9007,3.874115278,24.94469167,153.4989672
9008,3.874444722,24.94666833,154.2083917
9009,3.874766944,24.94860167,153.4522523
9010,3.875014722,24.95008833,157.1780499
9011,3.875265833,24.951595,154.3304119
9012,3.875513611,24.95308167,155.0020887
9013,3.875759167,24.954555,154.8800581
9014,3.876093889,24.95656333,155.078009
9015,3.876418889,24.95851333,156.6655423
9016,3.876665833,24.959995,159.8747852
9017,3.876912222,24.96147333,157.1009251
9018,3.877159167,24.962955,156.6463664
9019,3.8774075,24.964445,154.3229731
9020,3.877740278,24.96644167,152.0628796
9021,3.878068333,24.96841,152.2563154
9022,3.878316667,24.9699,151.1154155
9023,3.878568333,24.97141,151.3616745
9024,3.8788175,24.972905,147.8133131
9025,3.879066389,24.97439833,150.0472207
9026,3.879396111,24.97637667,151.7309729
9027,3.879721389,24.97832833,146.7041043
9028,3.879970833,24.979825,149.0325792
9029,3.880223611,24.98134167,150.83337
9030,3.880473611,24.98284167,148.3289338
9031,3.880723889,24.98434333,148.4144894
9032,3.881051667,24.98631,148.4944118
9033,3.881376111,24.98825667,147.3520334
9034,3.881621944,24.98973167,147.6756512
9035,3.881871389,24.99122833,148.4555997
9036,3.882119167,24.992715,147.5419205
9037,3.882365833,24.994195,148.2845381
9038,3.882702222,24.99621333,148.7500229
9039,3.883031667,24.99819,147.1022409
9040,3.883280556,24.99968333,142.5713886
9041,3.883529722,25,147.1270018
9042,3.883780278,25,147.5536477
9043,3.884033333,25,148.1311177
9044,3.884367778,25,148.5104676
9045,3.884695556,25,145.651476
9046,3.884941667,25,146.4382391
9047,3.885188889,25,147.7424535
9048,3.885439444,25,151.7487601
9049,3.885689722,25,151.899222
9050,3.886020556,25,152.1077642
9051,3.886345,25,153.9408037
9052,3.886593889,25,158.6447753
9053,3.886843056,25,161.5467603
9054,3.8870925,25,162.8470282
9055,3.887342778,25,162.7545048
9056,3.887670833,25,162.7024299
9057,3.887997222,25,165.6019852
9058,3.888245833,25,166.3856365
9059,3.888494167,25,165.5456766
9060,3.888740278,25,167.7570137
9061,3.888987778,25,170.3326139
9062,3.889328611,25,172.3649329
9063,3.8896575,25,177.2166707
9064,3.889907778,25,178.1744073
9065,3.890157222,25,179.9342861
9066,3.890404722,25,181.9295314
9067,3.890657778,25,180.2062156
9068,3.890990833,25,178.4873877
9069,3.891319444,25,176.0805395
9070,3.891567778,25,172.2809791
9071,3.891814444,25,171.9502859
9072,3.892061389,25,171.7875129
9073,3.892309722,25,166.6934432
9074,3.8926425,25,160.810993
9075,3.892969722,25,159.4615333
9076,3.893213889,25,160.183083
9077,3.8934575,25,158.4007734
9078,3.893705,25,157.5532337
9079,3.893955556,25,159.8573168
9080,3.894287222,25,162.4697011
9081,3.894616111,25,160.5107047
9082,3.894863889,25,160.3829812
9083,3.8951125,25,160.908747
9084,3.895360833,25,162.6394776
9085,3.895612222,25,162.0210741
9086,3.895945,25,161.3737441
9087,3.896271111,25,157.8733713
9088,3.896519722,25,156.7997642
9089,3.896770833,25,154.8940539
9090,3.897019444,25,153.3993584
9091,3.897267222,25,153.3834275
9092,3.8976025,25,152.9620925
9093,3.8979325,25,154.2561496
9094,3.898181944,25,159.6103306
9095,3.898429444,25,164.7291496
9096,3.898679444,25,165.6671758
9097,3.898928333,25,167.5281901
9098,3.899264722,25,169.2774008
9099,3.8995925,25,169.2629266
9100,3.899838056,25,168.7641031
9101,3.9000875,25.000525,170.7092389
9102,3.900336389,25.00201833,172.6411346
9103,3.900585833,25.003515,172.423105
9104,3.900921944,25.00553167,172.2397105
9105,3.901245556,25.00747333,173.8228573
9106,3.901490556,25.00894333,172.040576
9107,3.901738889,25.01043333,174.1242294
9108,3.901988056,25.01192833,175.6095605
9109,3.902236944,25.01342167,177.7591042
9110,3.902571389,25.01542833,179.500739
9111,3.902900556,25.01740333,184.100746
9112,3.903146944,25.01888167,185.7553357
9113,3.903392778,25.02035667,183.5216821
9114,3.903638611,25.02183167,182.5099306
9115,3.903887222,25.02332333,184.1217733
9116,3.904216944,25.02530167,185.7003304
9117,3.904542222,25.02725333,188.5654035
9118,3.904791389,25.02874833,191.0592103
9119,3.905039444,25.03023667,191.8634992
9120,3.905289722,25.03173833,194.0876831
9121,3.905539167,25.033235,197.6578675
9122,3.905873889,25.03524333,201.0594212
9123,3.906203333,25.03722,203.5101635
9124,3.906453056,25.03871833,202.2938881
9125,3.906702222,25.04021333,203.0117175
9126,3.9069475,25.041685,200.8208644
9127,3.907194722,25.04316833,200.5293413
9128,3.90753,25.04518,199.4575313
9129,3.9078575,25.047145,200.607224
9130,3.908106111,25.04863667,206.5936357
9131,3.908353611,25.05012167,205.2668138
9132,3.908601944,25.05161167,202.5700573
9133,3.908851667,25.05311,203.361879
9134,3.909186667,25.05512,204.4840435
9135,3.909515833,25.057095,202.9642562
9136,3.909763333,25.05858,203.0767013
9137,3.910012222,25.06007333,202.8109616
9138,3.910263056,25.06157833,201.8415525
9139,3.91051,25.06306,199.8467329
9140,3.9108425,25.065055,197.9988892
9141,3.911166944,25.06700167,200.6369253
9142,3.911415556,25.06849333,196.2410443
9143,3.911665,25.06999,200.3665594
9144,3.911914444,25.07148667,198.2991049
9145,3.912164722,25.07298833,201.8977201
9146,3.912491111,25.07494667,205.0589131
9147,3.912813333,25.07688,202.7826616
9148,3.913058611,25.07835167,200.6791535
9149,3.913304167,25.079825,199.4510267
9150,3.913550833,25.081305,198.9947805
9151,3.913800556,25.08280333,200.1690838
9152,3.914135556,25.08481333,201.1391848
9153,3.914463889,25.08678333,201.2353527
9154,3.914711944,25.08827167,203.0169674
9155,3.914957778,25.08974667,203.1343871
9156,3.915206389,25.09123833,201.2338514
9157,3.915453333,25.09272,198.4200493
9158,3.915780278,25.09468167,195.6172127
9159,3.916104722,25.09662833,193.0064912
9160,3.916353056,25.09811833,192.2133072
9161,3.9166,25.0996,196.0647902
9162,3.916846111,25.10215333,192.5404894
9163,3.9170925,25.10511,192.2640156
9164,3.917428889,25.10914667,191.4775497
9165,3.917756944,25.11308333,191.0226967
9166,3.918006111,25.11607333,188.4332195
9167,3.918254167,25.11905,185.2987296
9168,3.918503056,25.12203667,184.9694108
9169,3.918749722,25.12499667,181.4294519
9170,3.919081667,25.12898,177.7883578
9171,3.919408611,25.13290333,176.1468391
9172,3.919657222,25.13588667,177.106863
9173,3.919903889,25.13884667,175.2595987
9174,3.9201525,25.14183,175.5683401
9175,3.920405833,25.14487,173.261436
9176,3.920736667,25.14884,170.759917
9177,3.921066111,25.15279333,170.3661791
9178,3.921317778,25.15581333,169.798357
9179,3.921565556,25.15878667,167.5453049
9180,3.921812222,25.16174667,168.8390655
9181,3.922060556,25.16472667,168.4372612
9182,3.922390556,25.16868667,167.799355
9183,3.922711944,25.17254333,172.3959053
9184,3.922958889,25.17550667,171.3768067
9185,3.923208889,25.17850667,173.867434
9186,3.923458333,25.1815,175.7416599
9187,3.923708056,25.18449667,176.288481
9188,3.924046111,25.18855333,176.6222696
9189,3.924373056,25.19247667,175.3727483
9190,3.924619722,25.19543667,168.7950462
9191,3.924865556,25.19838667,167.7683665
9192,3.925111389,25.20133667,165.7835506
9193,3.925356667,25.20428,167.0246445
9194,3.925685278,25.20822333,167.6545103
9195,3.926014167,25.21217,164.9409372
9196,3.926264444,25.21517333,168.8921883
9197,3.926518611,25.21822333,167.1619666
9198,3.926768056,25.22121667,166.1630508
9199,3.927016667,25.2242,169.7766153
9200,3.927351389,25.22821667,173.9244804
9201,3.927678056,25.23213667,171.8653881
9202,3.927923056,25.23507667,173.6370644
9203,3.928168889,25.23802667,172.7356891
9204,3.928423056,25.24107667,172.1786499
9205,3.928672222,25.24406667,169.9738835
9206,3.928998333,25.24798,167.2741317
9207,3.929323611,25.25188333,161.853142
9208,3.929570278,25.25484333,165.391512
9209,3.9298175,25.25781,165.2585569
9210,3.930067778,25.26081333,159.3253877
9211,3.930319167,25.26383,161.4565144
9212,3.930656944,25.26788333,163.3223997
9213,3.930985833,25.27183,160.9211436
9214,3.931232778,25.27479333,165.089886
9215,3.931480556,25.27776667,166.352116
9216,3.931729722,25.28075667,165.3370032
9217,3.9319775,25.28373,163.8256977
9218,3.9323125,25.28775,162.228525
9219,3.932641389,25.29169667,161.2618019
9220,3.93289,25.29468,160.4291958
9221,3.933138611,25.29766333,162.2892515
9222,3.933388056,25.3,159.0642399
9223,3.933639444,25.3,156.6492956
9224,3.933973056,25.3,153.8563629
9225,3.9343,25.3,155.6292964
9226,3.934546111,25.3,152.2254114
9227,3.934793333,25.3,152.5545051
9228,3.935043611,25.3,153.1091543
9229,3.935294444,25.3,152.0613961
9230,3.935626111,25.3,151.0471535
9231,3.935955,25.3,155.4158465
9232,3.936204444,25.3,155.2857291
9233,3.936454722,25.3,153.1142501
9234,3.936699444,25.3,152.7907878
9235,3.936946944,25.3,154.2716384
9236,3.937276111,25.3,155.8440745
9237,3.937599444,25.3,161.3599658
9238,3.937849167,25.3,163.4488399
9239,3.938099167,25.3,163.8872966
9240,3.938348611,25.3,163.6256447
9241,3.938599167,25.3,168.9377781
9242,3.938939167,25.3,173.9860339
9243,3.93927,25.3,175.631218
9244,3.939517778,25.3,174.4115102
9245,3.939764167,25.3,175.3162427
9246,3.940008889,25.3,176.9270051
9247,3.940257778,25.3,178.6411932
9248,3.940595,25.3,179.8410402
9249,3.940921389,25.3,180.4804052
9250,3.941165833,25.3,185.7078325
9251,3.941411111,25.3,189.332785
9252,3.941659444,25.3,188.4532854
9253,3.941910556,25.3,188.6312511
9254,3.942246944,25.3,188.9695664
9255,3.942578333,25.3,186.4531829
9256,3.942829722,25.3,184.131206
9257,3.943078611,25.3,188.9586667
9258,3.943327778,25.3,187.1744224
9259,3.943578333,25.3,188.022196
9260,3.943912778,25.3,188.7238887
9261,3.944240833,25.3,188.9424976
9262,3.944489167,25.3,185.3590819
9263,3.944735833,25.3,186.1524802
9264,3.9449875,25.3,185.3527565
9265,3.945239444,25.3,186.3982724
9266,3.945575556,25.3,187.2078791
9267,3.945904722,25.3,188.8569572
9268,3.946155,25.3,186.8434532
9269,3.946400833,25.3,184.9502022
9270,3.946647778,25.3,183.5689795
9271,3.946896111,25.3,184.3259053
9272,3.947230278,25.3,185.0291952
9273,3.947555,25.3,186.2680736
9274,3.947802222,25.3,188.484208
9275,3.948049444,25.3,189.5499858
9276,3.948298889,25.3,187.9605559
9277,3.948550556,25.3,184.2147242
9278,3.948884444,25.3,180.4196852
9279,3.949207222,25.3,182.4352672
9280,3.949454444,25.3,182.2407936
9281,3.949701111,25.3,180.2736972
9282,3.949948611,25.3,178.4361871
9283,3.950195556,25.30117333,176.7828044
9284,3.950524722,25.30314833,174.7180461
9285,3.950850556,25.30510333,178.7644969
9286,3.9510975,25.306585,179.6688472
9287,3.951343889,25.30806333,177.8251516
9288,3.951590833,25.309545,177.3171502
9289,3.951836667,25.31102,173.2836962
9290,3.952161944,25.31297167,168.935039
9291,3.952482778,25.31489667,167.2584286
9292,3.95273,25.31638,166.5507708
9293,3.952978889,25.31787333,166.3780731
9294,3.953230278,25.31938167,169.3742134
9295,3.953479722,25.32087833,166.8395219
9296,3.953813889,25.32288333,164.0620247
9297,3.954141111,25.32484667,160.7315864
9298,3.954387778,25.32632667,158.5814671
9299,3.954639167,25.327835,157.7724414
9300,3.954888611,25.32933167,154.1253501
9301,3.955136389,25.33081833,152.8338445
9302,3.955475278,25.33285167,151.3848327
9303,3.955806944,25.33484167,150.3590532
9304,3.956056389,25.33633833,148.9125169
9305,3.956303889,25.33782333,150.485899
9306,3.956549444,25.33929667,153.1621398
9307,3.956794722,25.34076833,152.0335156
9308,3.957125278,25.34275167,150.7553551
9309,3.957450556,25.34470333,152.0170048
9310,3.957697222,25.34618333,147.5726989
9311,3.957948611,25.34769167,146.7940739
9312,3.958197222,25.34918333,145.239297
9313,3.958440278,25.35064167,147.0651087
9314,3.958773889,25.35264333,148.6997825
9315,3.959101111,25.35460667,148.1697956
9316,3.959348611,25.35609167,151.1644422
9317,3.959598056,25.35758833,151.4671069
9318,3.959846667,25.35908,155.2062959
9319,3.960099722,25.36059833,160.0626575
9320,3.9604375,25.362625,165.0449898
9321,3.960763056,25.36457833,165.8836911
9322,3.961009722,25.36605833,168.5944024
9323,3.961261667,25.36757,166.0163772
9324,3.961511667,25.36907,163.7348219
9325,3.961761944,25.37057167,163.8070868
9326,3.962098056,25.37258833,163.3863606
9327,3.962426944,25.37456167,163.143001
9328,3.962671944,25.37603167,163.5616496
9329,3.9629175,25.377505,162.3602067
9330,3.963167778,25.37900667,163.1890331
9331,3.963415556,25.38049333,166.398623
9332,3.963745556,25.38247333,169.7462213
9333,3.964071667,25.38443,167.2658289
9334,3.964321111,25.38592667,171.7460984
9335,3.964570556,25.38742333,170.906575
9336,3.964817222,25.38890333,170.5846237
9337,3.965067778,25.39040667,167.4856329
9338,3.965401389,25.39240833,163.8711737
9339,3.965727222,25.39436333,161.439623
9340,3.965978056,25.39586833,159.7150965
9341,3.966226111,25.39735667,162.518152
9342,3.966473056,25.39883833,164.5963369
9343,3.96672,25.40032,164.185439
9344,3.967048611,25.40229167,164.0156509
9345,3.96737,25.40422,165.8149852
9346,3.967619722,25.40571833,163.5848262
9347,3.967865556,25.40719333,163.3033981
9348,3.968111944,25.40867167,165.9993235
9349,3.968363333,25.41018,163.5501856
9350,3.968696944,25.41218167,160.5562596
9351,3.9690225,25.414135,158.9437808
9352,3.969270833,25.415625,158.1060707
9353,3.969518611,25.41711167,155.8831678
9354,3.969764167,25.418585,154.2320062
9355,3.970012778,25.42007667,153.1897472
9356,3.970343611,25.42206167,152.3194344
9357,3.970671667,25.42403,157.5229596
9358,3.970921111,25.42552667,157.3643554
9359,3.971170556,25.42702333,157.5784235
9360,3.971418333,25.42851,157.3587748
9361,3.971665556,25.42999333,159.1958777
9362,3.971995556,25.43197333,160.6075796
9363,3.972317222,25.43390333,160.4977765
9364,3.972565,25.43539,159.342836
9365,3.972815556,25.43689333,160.9554099
9366,3.973061944,25.43837167,161.8865441
9367,3.973310556,25.43986333,166.0048933
9368,3.973645556,25.44187333,170.0318765
9369,3.973973611,25.44384167,167.7218593
9370,3.974224444,25.44534667,168.8994923
9371,3.974475833,25.446855,172.8962623
9372,3.974724167,25.448345,173.0418475
9373,3.974974167,25.449845,172.3119737
9374,3.975308889,25.45185333,171.3852793
9375,3.975635,25.45381,170.8560548
9376,3.9758825,25.455295,167.8393563
9377,3.976128333,25.45677,170.9230911
9378,3.976374167,25.458245,168.3870117
9379,3.976623889,25.45974333,166.2223255
9380,3.976959167,25.461755,163.9699331
9381,3.977285278,25.46371167,162.8037063
9382,3.977534722,25.46520833,162.7579828
9383,3.977785833,25.466715,160.8850148
9384,3.978036667,25.46822,159.5801383
9385,3.978286111,25.46971667,161.1499366
9386,3.978615,25.47169,162.5306471
9387,3.978939444,25.47363667,161.5922928
9388,3.979185833,25.475115,163.1154407
9389,3.979431667,25.47659,164.3248249
9390,3.979681111,25.47808667,160.8731097
9391,3.979928056,25.47956833,159.7824458
9392,3.980263889,25.48158333,158.7330017
9393,3.980590278,25.48354167,160.3805533
9394,3.980838056,25.48502833,161.4520384
9395,3.981083056,25.48649833,163.6074337
9396,3.981329444,25.48797667,163.1282733
9397,3.981576944,25.48946167,162.1513574
9398,3.981908889,25.49145333,161.0967141
9399,3.982233333,25.4934,166.0051608
9400,3.982481667,25.49489,166.3559593
9401,3.982729444,25.49637667,161.985911
9402,3.982978889,25.49787333,161.9362486
9403,3.983227222,25.49936333,161.659842
9404,3.9835525,25.5,160.9866685
9405,3.983870556,25.5,160.1430979
9406,3.984117222,25.5,163.3564015
9407,3.984364167,25.5,161.4597293
9408,3.9846125,25.5,160.8973487
9409,3.984860833,25.5,158.1937429
9410,3.985193889,25.5,155.3870048
9411,3.985521111,25.5,157.5827822
9412,3.985768333,25.5,158.604708
9413,3.986016944,25.5,160.6730545
9414,3.986265556,25.5,164.4269279
9415,3.986513056,25.5,160.102863
9416,3.986843056,25.5,155.4937832
9417,3.987168611,25.5,150.7336942
9418,3.987416111,25.5,149.4072276
9419,3.987663333,25.5,149.7182702
9420,3.987908611,25.5,147.8024656
9421,3.988158611,25.5,146.8050246
9422,3.988490556,25.5,145.4737419
9423,3.988815833,25.5,146.4308249
9424,3.9890625,25.5,148.5154707
9425,3.989308611,25.5,149.5140426
9426,3.989557778,25.5,150.0823698
9427,3.989805278,25.5,150.61239
9428,3.990136111,25.5,151.1382121
9429,3.990463611,25.5,153.2097085
9430,3.9907125,25.5,153.5342847
9431,3.990961944,25.5,155.5852183
9432,3.991212778,25.5,158.0927839
9433,3.991462222,25.5,157.7087898
9434,3.991796389,25.5,156.9065871
9435,3.992121667,25.5,156.4337623
9436,3.992369444,25.5,155.4604486
9437,3.992617778,25.5,158.274827
9438,3.992865833,25.5,162.6704609
9439,3.993116944,25.5,165.1887801
9440,3.993446667,25.5,168.2638068
9441,3.9937675,25.5,169.7138159
9442,3.994018056,25.5,170.9641646
9443,3.994268056,25.5,170.555673
9444,3.994516667,25.5,171.0879774
9445,3.994766111,25.5,174.6757499
9446,3.995103889,25.5,177.5363513
9447,3.995438611,25.5,180.6615771
9448,3.995685556,25.5,175.6486833
9449,3.995931944,25.5,173.8447896
9450,3.996178056,25.5,176.2017172
9451,3.996423611,25.5,174.6808322
9452,3.996759722,25.5,173.2876344
9453,3.997094444,25.5,173.188554
9454,3.997340278,25.5,174.7739011
9455,3.997586944,25.5,175.5351508
9456,3.997833333,25.5,177.0730423
9457,3.998083611,25.5,174.5252209
9458,3.998413889,25.5,171.8460662
9459,3.998740833,25.5,168.6679378
9460,3.998984167,25.5,164.4388257
9461,3.999232222,25.5,166.6262821
9462,3.9994775,25.5,167.8241569
9463,3.999727778,25.5,168.7153457
9464,4.000055556,25.50033333,169.9133568
9465,4.000379444,25.50227667,171.3598445
9466,4.000626944,25.50376167,170.5338125
9467,4.000877222,25.50526333,170.0820546
9468,4.001126944,25.50676167,171.4058372
9469,4.001376111,25.50825667,175.3416359
9470,4.001711389,25.51026833,178.4225886
9471,4.002036667,25.51222,176.8443189
9472,4.002284444,25.51370667,179.2612483
9473,4.002532778,25.51519667,178.192885
9474,4.002780556,25.51668333,175.8315586
9475,4.003029167,25.518175,178.7791007
9476,4.0033625,25.520175,181.4894072
9477,4.003690556,25.52214333,185.6238906
9478,4.003939167,25.523635,187.2180415
9479,4.004185,25.52511,184.5767037
9480,4.0044325,25.526595,185.0513251
9481,4.004679444,25.52807667,185.1584017
9482,4.005015556,25.53009333,185.4789607
9483,4.005341944,25.53205167,185.7281117
9484,4.0055875,25.533525,186.9432383
9485,4.005835278,25.53501167,192.3502499
9486,4.006084444,25.53650667,195.3848572
9487,4.006331667,25.53799,195.336545
9488,4.006664722,25.53998833,194.9922773
9489,4.006988611,25.54193167,194.7557155
9490,4.007236667,25.54342,195.898557
9491,4.007486944,25.54492167,196.0968209
9492,4.007735,25.54641,196.0179685
9493,4.007985833,25.547915,195.3993339
9494,4.008319722,25.54991833,194.4937866
9495,4.008645556,25.55187333,196.7809731
9496,4.008892778,25.55335667,196.2509944
9497,4.009143889,25.55486333,197.0388645
9498,4.009395833,25.556375,195.7875971
9499,4.009643611,25.55786167,192.7822443
9500,4.009972778,25.55983667,189.4933667
9501,4.010300556,25.56180333,188.1438239
9502,4.010550278,25.56330167,191.6542691
9503,4.010800556,25.56480333,191.2032533
9504,4.011052778,25.56631667,194.0474976
9505,4.011306944,25.56784167,194.9766944
9506,4.0116375,25.569825,195.9137209
9507,4.011963611,25.57178167,194.0738546
9508,4.012214167,25.573285,197.5576138
9509,4.012460833,25.574765,198.6565422
9510,4.012708333,25.57625,198.2968573
9511,4.012956111,25.57773667,196.6569577
9512,4.013288889,25.57973333,194.9147231
9513,4.013612222,25.58167333,195.9583372
9514,4.01386,25.58316,194.6071608
9515,4.014106389,25.58463833,195.169763
9516,4.014355833,25.586135,195.5911784
9517,4.014606389,25.58763833,196.0484871
9518,4.014938889,25.58963333,196.4640847
9519,4.015264722,25.59158833,202.507269
9520,4.015513333,25.59308,201.8814919
9521,4.015761389,25.59456833,201.4904584
9522,4.016009722,25.59605833,198.7242915
9523,4.016258056,25.59754833,202.6209129
9524,4.016594444,25.59956667,205.6085568
9525,4.016925556,25.6,202.7198501
9526,4.017171944,25.6,206.1223609
9527,4.017420556,25.6,203.3654093
9528,4.017668333,25.6,200.271707
9529,4.0179175,25.6,198.1964446
9530,4.018249167,25.6,196.4245353
9531,4.018573611,25.6,196.9656261
9532,4.018820278,25.6,194.0846812
9533,4.019071389,25.6,193.9671791
9534,4.019321944,25.6,191.7638308
9535,4.019570556,25.6,190.9293303
9536,4.019905278,25.6,189.9155925
9537,4.020233056,25.6,190.2420978
9538,4.02048,25.6,191.7072783
9539,4.0207275,25.6,191.2617833
9540,4.020975833,25.6,191.0041107
9541,4.021224444,25.6,189.9279839
9542,4.021555833,25.6,188.2775569
9543,4.021880556,25.6,188.8796572
9544,4.022126944,25.6,191.6917108
9545,4.022371944,25.6,190.1061771
9546,4.022620556,25.6,183.3811613
9547,4.022872778,25.6,184.283091
9548,4.023207222,25.6,185.1142015
9549,4.023536944,25.6,187.1539202
9550,4.023789167,25.6,190.4479068
9551,4.024036111,25.6,193.8911547
9552,4.024283611,25.6,197.5365902
9553,4.024530278,25.6,198.2339889
9554,4.024861111,25.6,198.7736297
9555,4.025187222,25.6,198.4829793
9556,4.025434722,25.6,198.8584112
9557,4.025683333,25.6,199.1208196
9558,4.025930833,25.6,198.9342337
9559,4.026176111,25.6,201.0073081
9560,4.026504167,25.6,203.0802501
9561,4.026829444,25.6,198.8085267
9562,4.027073611,25.6,195.9434543
9563,4.027321667,25.6,196.9750681
9564,4.027571111,25.6,197.9509497
9565,4.027816944,25.6,199.5466806
9566,4.028155833,25.6,200.5885506
9567,4.028488611,25.6,206.1255347
9568,4.028737222,25.6,205.8544285
9569,4.028981944,25.6,207.199867
9570,4.029227222,25.6,207.4599706
9571,4.029474722,25.6,201.47605
9572,4.0298125,25.6,195.4482062
9573,4.030140833,25.6,196.9387772
9574,4.030385833,25.6,196.4834883
9575,4.030631389,25.6,195.0664538
9576,4.030880833,25.6,196.2714092
9577,4.031128611,25.6,193.9671222
9578,4.031462778,25.6,191.4906498
9579,4.031792778,25.6,193.0623798
9580,4.032038889,25.6,186.3713686
9581,4.032286389,25.6,187.8168592
9582,4.032535556,25.6,186.5305832
9583,4.032782222,25.6,187.4850521
9584,4.033111944,25.6,188.4752806
9585,4.033436667,25.6,185.2673287
9586,4.033685278,25.6,179.9620828
9587,4.033932778,25.6,178.724041
9588,4.034188611,25.6,176.9450585
9589,4.034437778,25.6,176.2869641
9590,4.034774444,25.6,174.930937
9591,4.0351025,25.6,175.8423248
9592,4.03535,25.6,176.3232516
9593,4.035600278,25.6,173.2286923
9594,4.03585,25.6,172.9135262
9595,4.036101111,25.6,177.171327
9596,4.036442778,25.6,181.5169519
9597,4.036771667,25.6,182.4913445
9598,4.037016667,25.6,186.1230249
9599,4.037266111,25.6,184.672437
9600,4.037520278,25.6,182.5506272
9601,4.037769444,25.6,180.3110256
9602,4.038111944,25.6,178.0110908
9603,4.038444167,25.6,179.6741352
9604,4.038693333,25.6,178.9324496
9605,4.038939167,25.6,180.2525735
9606,4.039186667,25.6,182.4464933
9607,4.039435278,25.6,180.9204308
9608,4.039768611,25.6,179.3840703
9609,4.040095,25.6,183.8767254
9610,4.040341111,25.6,183.0326014
9611,4.0405875,25.6,186.1863704
9612,4.040835278,25.6,184.7569753
9613,4.041082778,25.6,183.2948182
9614,4.041413889,25.6,181.3974478
9615,4.041739722,25.6,186.4846412
9616,4.0419875,25.6,187.0694644
9617,4.042233333,25.6,190.3494137
9618,4.04248,25.6,190.3231239
9619,4.042726667,25.6,187.997204
9620,4.043051111,25.6,185.322095
9621,4.043371944,25.6,183.9643143
9622,4.043620278,25.6,184.7640347
9623,4.043866111,25.6,185.8300497
9624,4.044114444,25.6,191.4163952
9625,4.044361111,25.6,189.2249684
9626,4.044691389,25.6,186.9213482
9627,4.045015833,25.6,186.7172526
9628,4.045261389,25.6,191.3457974
9629,4.045511667,25.6,189.6389014
9630,4.045759444,25.6,188.6501674
9631,4.046005833,25.6,187.7967256
9632,4.046333056,25.6,186.9566694
9633,4.046658611,25.6,190.9639479
9634,4.046908889,25.6,189.2866694
9635,4.047155278,25.6,189.1696751
9636,4.0474025,25.6,191.0839777
9637,4.047653611,25.6,192.3192557
9638,4.047986944,25.6,193.1204653
9639,4.048311667,25.6,198.6535524
9640,4.048556111,25.6,196.2049564
9641,4.048803333,25.6,195.1640068
9642,4.049054167,25.6,195.7190886
9643,4.049303889,25.6,198.0049751
9644,4.049636389,25.6,200.0913178
9645,4.049964167,25.6,202.1952586
9646,4.050211944,25.60127167,206.383744
9647,4.050459444,25.60275667,206.6945869
9648,4.050708889,25.60425333,206.5888037
9649,4.050961389,25.60576833,205.8105063
9650,4.051296944,25.60778167,204.8069737
9651,4.051626389,25.60975833,206.7738042
9652,4.051875,25.61125,204.1195083
9653,4.052127222,25.61276333,201.107728
9654,4.052375,25.61425,200.1577327
9655,4.052621389,25.61572833,204.6984251
9656,4.052951389,25.61770833,209.5936534
9657,4.053277778,25.61966667,211.8613609
9658,4.053525,25.62115,214.7697131
9659,4.053771667,25.62263,215.4936916
9660,4.054021667,25.62413,216.1251026
9661,4.054272778,25.62563667,215.2309031
9662,4.054608056,25.62764833,213.73699
9663,4.054931389,25.62958833,214.2315192
9664,4.055176389,25.63105833,213.3122042
9665,4.055421944,25.63253167,211.962239
9666,4.055668889,25.63401333,206.1844198
9667,4.055918056,25.63550833,206.360798
9668,4.0562525,25.637515,206.3571184
9669,4.056580556,25.63948333,209.5309415
9670,4.0568275,25.640965,209.0052712
9671,4.057076944,25.64246167,210.2806921
9672,4.057326389,25.64395833,210.9534675
9673,4.057578889,25.64547333,213.0978413
9674,4.057918611,25.64751167,215.1291126
9675,4.058249444,25.64949667,213.6299019
9676,4.058500556,25.65100333,215.9060864
9677,4.058749167,25.652495,212.7393518
9678,4.058998611,25.65399167,209.5794444
9679,4.059242778,25.65545667,209.9534644
9680,4.059573056,25.65743833,209.6061785
9681,4.059898333,25.65939,206.1778859
9682,4.060143611,25.66086167,204.6326235
9683,4.060388611,25.66233167,206.0274678
9684,4.060633333,25.6638,203.4905155
9685,4.06088,25.66528,204.4017494
9686,4.061217778,25.66730667,205.7368344
9687,4.061553333,25.66932,213.0104406
9688,4.061801944,25.67081167,216.8603299
9689,4.062053056,25.67231833,220.8556877
9690,4.062301667,25.67381,225.405095
9691,4.062550556,25.67530333,226.4413431
9692,4.062879444,25.67727667,227.0196608
9693,4.063199722,25.67919833,229.4139771
9694,4.063446389,25.68067833,230.5259639
9695,4.063692778,25.68215667,229.1806906
9696,4.063941944,25.68365167,229.8367308
9697,4.064191389,25.68514833,227.6514742
9698,4.064523889,25.68714333,224.9122997
9699,4.064851111,25.68910667,229.9268474
9700,4.065100278,25.69060167,229.8276954
9701,4.065346389,25.69207833,230.9937117
9702,4.065595556,25.69357333,229.9277061
9703,4.065842778,25.69505667,231.3054819
9704,4.066173889,25.69704333,232.937293
9705,4.066501944,25.69901167,231.9973208
9706,4.066752778,25.7,226.7601366
9707,4.067001111,25.7,226.5940404
9708,4.067247778,25.7,226.9227318
9709,4.067501667,25.7,225.6488702
9710,4.067833333,25.7,223.7982969
9711,4.068159722,25.7,221.9503885
9712,4.068408333,25.7,220.7866416
9713,4.068655833,25.7,215.7193223
9714,4.068903611,25.7,214.1444611
9715,4.069152222,25.7,216.1479475
9716,4.069492778,25.7,218.1359545
9717,4.069823611,25.7,217.2797744
9718,4.070072222,25.7,218.595005
9719,4.070317778,25.7,217.3944192
9720,4.070563611,25.7,215.7066622
9721,4.070808889,25.7,214.8307627
9722,4.071151111,25.7,213.3424031
9723,4.071476944,25.7,215.3984047
9724,4.071723611,25.7,213.7010907
9725,4.071972778,25.7,214.1574742
9726,4.072225833,25.7,212.530208
9727,4.072475278,25.7,211.5103058
9728,4.072809722,25.7,210.4116751
9729,4.073139722,25.7,212.9087494
9730,4.073388333,25.7,208.7438173
9731,4.073633333,25.7,213.3483147
9732,4.073881667,25.7,209.6965025
9733,4.07413,25.7,203.0711193
9734,4.074464444,25.7,196.3382346
9735,4.074789167,25.7,197.7339023
9736,4.075033889,25.7,193.247501
9737,4.075279722,25.7,192.1098882
9738,4.075527222,25.7,188.058062
9739,4.075773333,25.7,186.4437071
9740,4.076107778,25.7,184.4630771
9741,4.076439444,25.7,177.8287844
9742,4.076686944,25.7,175.1906256
9743,4.076937778,25.7,175.9785418
9744,4.077185,25.7,176.1714841
9745,4.077436389,25.7,173.2273192
9746,4.077770556,25.7,169.8896807
9747,4.078098333,25.7,166.651576
9748,4.078346389,25.7,167.0883668
9749,4.078595556,25.7,165.4948615
9750,4.078846111,25.7,160.7599575
9751,4.079093611,25.7,157.7718406
9752,4.0794325,25.7,154.9734507
9753,4.079766944,25.7,156.395741
9754,4.080018333,25.7,155.2686764
9755,4.080267778,25.7,155.114226
9756,4.080516944,25.7,156.8931609
9757,4.080764722,25.7,156.4617451
9758,4.081106667,25.7,155.544135
9759,4.081438889,25.7,156.1274003
9760,4.081686944,25.7,154.4502015
9761,4.081938333,25.7,152.6016517
9762,4.0821875,25.7,153.5469134
9763,4.082435278,25.7,152.8392097
9764,4.082774167,25.7,151.9990206
9765,4.083104722,25.7,155.9162983
9766,4.083351667,25.70011,158.9666308
9767,4.083601944,25.70161167,159.5753819
9768,4.0838525,25.703115,158.6844867
9769,4.0841,25.7046,155.451366
9770,4.084441667,25.70665,152.0006687
9771,4.0847725,25.708635,153.8891107
9772,4.085020278,25.71012167,156.7645337
9773,4.085267778,25.71160667,155.5101982
9774,4.085514444,25.71308667,158.0045452
9775,4.085762222,25.71457333,161.7748603
9776,4.086100278,25.71660167,165.6476815
9777,4.086432778,25.71859667,168.2329155
9778,4.086683056,25.72009833,171.2983099
9779,4.086929722,25.72157833,172.6309977
9780,4.087176667,25.72306,175.5257912
9781,4.087425,25.72455,174.7135615
9782,4.087758611,25.72655167,173.540833
9783,4.088086389,25.72851833,176.6983094
9784,4.088333611,25.73000167,177.3739706
9785,4.088581111,25.73148667,176.8685661
9786,4.088825,25.73295,175.8265917
9787,4.089070833,25.734425,177.0560475
9788,4.089404167,25.736425,177.9728056
9789,4.089728611,25.73837167,178.4837008
9790,4.089975278,25.73985167,176.5268866
9791,4.090223889,25.74134333,175.6402226
9792,4.090473333,25.74284,175.170212
9793,4.090723611,25.74434167,177.4011793
9794,4.091055278,25.74633167,179.6489298
9795,4.091380556,25.74828333,180.600371
9796,4.0916275,25.749765,179.8961828
9797,4.091877778,25.75126667,179.0285642
9798,4.092126389,25.75275833,171.6107868
9799,4.092376389,25.75425833,164.9900871
9800,4.092708611,25.75625167,157.8608069
9801,4.093034444,25.75820667,156.6540507
9802,4.093280278,25.75968167,156.6488083
9803,4.093530833,25.761185,156.6225434
9804,4.093780833,25.762685,156.7246455
9805,4.094029722,25.76417833,158.3482614
9806,4.094363056,25.76617833,160.3511233
9807,4.094689167,25.768135,166.6366693
9808,4.0949325,25.769595,165.3126878
9809,4.0951825,25.771095,164.5633833
9810,4.0954325,25.772595,166.5417655
9811,4.095684444,25.77410667,170.6136891
9812,4.096021389,25.77612833,174.187562
9813,4.0963525,25.778115,170.4592504
9814,4.096602778,25.77961667,171.902008
9815,4.096855833,25.781135,173.1958039
9816,4.097107222,25.78264333,172.2995133
9817,4.097355556,25.78413333,173.4093974
9818,4.0976875,25.786125,174.4517617
9819,4.098012778,25.78807667,178.265302
9820,4.098262778,25.78957667,181.4150864
9821,4.09851,25.79106,184.1730573
9822,4.098759167,25.792555,187.0864572
9823,4.099008333,25.79405,188.7598541
9824,4.099336944,25.79602167,190.0659101
9825,4.099663889,25.79798333,195.3145798
9826,4.099913889,25.79948333,196.9022235
9827,4.100164444,25.8,198.2067518
9828,4.100411111,25.8,200.4506465
9829,4.100660833,25.8,200.4311685
9830,4.100995278,25.8,200.4140619
9831,4.101318333,25.8,195.8709603
9832,4.101566111,25.8,197.8198535
9833,4.101812778,25.8,199.3039397
9834,4.102058889,25.8,198.6874157
9835,4.102307222,25.8,202.5850692
9836,4.102640833,25.8,206.1544038
9837,4.102969722,25.8,207.703695
9838,4.103216111,25.8,212.2620174
9839,4.103464167,25.8,209.7490709
9840,4.103715,25.8,210.4669234
9841,4.103963889,25.8,208.6972567
9842,4.104296389,25.8,206.7841867
9843,4.104621111,25.8,210.1451958
9844,4.104867778,25.8,210.4411407
9845,4.105116111,25.8,213.2550053
9846,4.105364722,25.8,214.1072133
9847,4.105612222,25.8,215.3046537
9848,4.105938333,25.8,216.0952101
9849,4.106259444,25.8,217.6213968
9850,4.106506667,25.8,216.193491
9851,4.106756111,25.8,216.7201406
9852,4.107008333,25.8,214.7249688
9853,4.107256944,25.8,209.253616
9854,4.107595833,25.8,203.7557191
9855,4.107923889,25.8,206.0816624
9856,4.108169167,25.8,202.2449595
9857,4.108414722,25.8,200.8034517
9858,4.108660278,25.8,192.1719278
9859,4.108905278,25.8,189.5682201
9860,4.109240833,25.8,187.1238102
9861,4.109570556,25.8,184.1786926
9862,4.109821944,25.8,184.4639774
9863,4.110071111,25.8,183.8665889
9864,4.110320833,25.8,181.4290181
9865,4.110570278,25.8,179.0979581
9866,4.1109025,25.8,175.9958724
9867,4.111226389,25.8,175.1696663
9868,4.111473056,25.8,174.3903594
9869,4.111722222,25.8,174.5959509
9870,4.11197,25.8,171.4003178
9871,4.112215556,25.8,168.6582315
9872,4.112551389,25.8,166.1156851
9873,4.112879444,25.8,163.6240371
9874,4.113130556,25.8,166.8952988
9875,4.113379167,25.8,171.5994757
9876,4.113625833,25.8,169.8854726
9877,4.113872778,25.8,170.3903583
9878,4.114210556,25.8,170.8296614
9879,4.114539444,25.8,171.4548081
9880,4.114785,25.8,173.2623739
9881,4.115032778,25.8,173.6198442
9882,4.115283333,25.8,173.8784266
9883,4.115534444,25.8,176.4468072
9884,4.115868889,25.8,178.5070979
9885,4.116194167,25.8,180.9065979
9886,4.116441944,25.8,181.2920195
9887,4.116690278,25.80014167,179.3491475
9888,4.116938056,25.80162833,179.0941877
9889,4.117186667,25.80312,175.7699575
9890,4.117519167,25.805115,172.2955906
9891,4.117844444,25.80706667,173.9216023
9892,4.118092778,25.80855667,176.0516458
9893,4.118340556,25.81004333,178.3588675
9894,4.11859,25.81154,179.0164819
9895,4.118835833,25.813015,182.420108
9896,4.119166667,25.815,185.8455796
9897,4.119488611,25.81693167,187.975203
9898,4.119735833,25.818415,189.3283816
9899,4.119981944,25.81989167,191.7177994
9900,4.120227778,25.82136667,192.5681371
9901,4.120478889,25.82287333,194.7557355
9902,4.120817222,25.82490333,196.7624628
9903,4.121147778,25.82688667,198.2302518
9904,4.121397222,25.82838333,198.7449277
9905,4.121645,25.82987,198.5812673
9906,4.121895,25.83137,198.0475025
9907,4.122144722,25.83286833,202.0806219
9908,4.12248,25.83488,205.5734559
9909,4.122806389,25.83683833,205.3313409
9910,4.123055556,25.83833333,206.1895842
9911,4.123304444,25.83982667,208.473788
9912,4.123551944,25.84131167,209.7657767
9913,4.1237975,25.842785,212.8712758
9914,4.124133611,25.84480167,215.9350324
9915,4.124458333,25.84675,220.6492706
9916,4.124702222,25.84821333,220.1479772
9917,4.124949722,25.84969833,221.0549304
9918,4.125198333,25.85119,217.6248479
9919,4.125448889,25.85269333,210.9895321
9920,4.125780278,25.85468167,204.0497042
9921,4.126109167,25.856655,204.8323972
9922,4.126361389,25.85816833,205.4720414
9923,4.126614444,25.85968667,204.7231501
9924,4.126862222,25.86117333,206.2596643
9925,4.127110833,25.862665,209.6144791
9926,4.127439722,25.86463833,213.0407633
9927,4.127763889,25.86658333,217.3081448
9928,4.128011667,25.86807,216.9189657
9929,4.128262222,25.86957333,212.8363423
9930,4.128512778,25.87107667,212.5473795
9931,4.128762778,25.87257667,211.2019034
9932,4.129099722,25.87459833,209.1152786
9933,4.129427778,25.87656667,205.5477007
9934,4.129673056,25.87803833,203.9274767
9935,4.129924167,25.879545,205.9589397
9936,4.130176111,25.88105667,201.9026679
9937,4.130427778,25.88256667,202.5080225
9938,4.1307675,25.884605,203.4125532
9939,4.131099167,25.886595,201.2578987
9940,4.131349722,25.88809833,200.2797977
9941,4.131596944,25.88958167,207.2804678
9942,4.131843056,25.89105833,210.684145
9943,4.132092778,25.89255667,214.7875245
9944,4.132427222,25.89456333,218.415939
9945,4.132756944,25.89654167,222.0864569
9946,4.133006111,25.89803667,225.105733
9947,4.133255556,25.89953333,226.6354114
9948,4.133503333,25.9,226.5405684
9949,4.13375,25.9,221.5567961
9950,4.13408,25.9,216.7631903
9951,4.134408611,25.9,215.4693512
9952,4.134658611,25.9,220.416018
9953,4.134908611,25.9,224.432804
9954,4.135156389,25.9,221.8782646
9955,4.135403889,25.9,225.1069099
9956,4.1357375,25.9,227.9568653
9957,4.136065278,25.9,228.0953818
9958,4.136311111,25.9,230.8364539
9959,4.136558889,25.9,228.0964836
9960,4.136809444,25.9,227.3518848
9961,4.137059444,25.9,227.3708092
9962,4.137388611,25.9,227.1888011
9963,4.137713889,25.9,229.4483937
9964,4.137958889,25.9,227.329068
9965,4.138208889,25.9,228.4021988
9966,4.138458333,25.9,228.9104176
9967,4.138705556,25.9,228.514793
9968,4.139043333,25.9,227.9416754
9969,4.139375833,25.9,227.9650115
9970,4.139623611,25.9,227.3106773
9971,4.139870556,25.9,225.2716363
9972,4.140116944,25.9,223.7235413
9973,4.140366389,25.9,222.34391
9974,4.1407,25.9,220.8751155
9975,4.141027222,25.9,224.3339172
9976,4.141274444,25.9,222.2036257
9977,4.141519722,25.9,224.1947123
9978,4.141766389,25.9,219.3111293
9979,4.142014722,25.9,216.4610586
9980,4.1423475,25.9,213.0612414
9981,4.142678333,25.9,215.0125338
9982,4.142931111,25.9,217.9053791
9983,4.143181667,25.9,214.493851
9984,4.143431944,25.9,212.3690036
9985,4.143680556,25.9,209.9474168
9986,4.144018056,25.9,206.8508086
9987,4.144345833,25.9,204.101859
9988,4.1445925,25.9,203.9577565
9989,4.144839444,25.9,198.8911011
9990,4.145088889,25.9,195.2536678
9991,4.145338889,25.9,191.4987056
9992,4.145663333,25.9,188.1257335
9993,4.145985,25.9,187.3210762
9994,4.146230833,25.9,190.9725905
9995,4.146478611,25.9,197.3959141
9996,4.146726944,25.9,193.5425977
9997,4.146977222,25.9,194.9663587
9998,4.147313333,25.9,196.3778315
9999,4.147644444,25.9,197.2286951
10000,4.147895833,25.9,199.0140451
10001,4.148144444,25.9,197.3397975
10002,4.148391111,25.9,195.7704774
10003,4.1486375,25.9,197.588632
10004,4.148965833,25.9,198.965213
10005,4.14929,25.9,200.3550291
10006,4.149537778,25.9,199.6876082
10007,4.149787222,25.9,193.5936819
10008,4.150033611,25.90020167,193.7418506
10009,4.150281667,25.90169,191.0085895
10010,4.150615,25.90369,187.6069457
10011,4.150941389,25.90564833,187.1581127
10012,4.151190833,25.907145,185.7350567
10013,4.151439444,25.90863667,184.8453848
10014,4.151688333,25.91013,185.187281
10015,4.151937222,25.91162333,183.6102112
10016,4.1522725,25.913635,182.1652154
10017,4.152601389,25.91560833,181.4057848
10018,4.152848889,25.91709333,181.1199882
10019,4.153098611,25.91859167,183.7852751
10020,4.153348056,25.92008833,181.1237481
10021,4.1535975,25.921585,185.2076655
10022,4.153936667,25.92362,189.0998449
10023,4.1542675,25.925605,192.2288979
10024,4.154513889,25.92708333,192.664692
10025,4.154758611,25.92855167,191.1867435
10026,4.155009444,25.93005667,188.6751481
10027,4.155259444,25.93155667,192.7062769
10028,4.155593333,25.93356,196.3545163
10029,4.155921111,25.93552667,194.9130967
10030,4.156171389,25.93702833,195.1800703
10031,4.156421944,25.93853167,196.6331963
10032,4.156671944,25.94003167,195.3523112
10033,4.156924167,25.941545,191.9018294
10034,4.157260556,25.94356333,188.2311776
10035,4.157587778,25.94552667,188.8187215
10036,4.15784,25.94704,191.1015745
10037,4.158090556,25.94854333,193.1990921
10038,4.158339722,25.95003833,191.0409721
10039,4.158585833,25.951515,192.0347819
10040,4.158919722,25.95351833,192.8856939
10041,4.159248056,25.95548833,195.5953393
10042,4.159497778,25.95698667,194.7717034
10043,4.159746944,25.95848167,195.5693532
10044,4.159996389,25.95997833,195.8477223
10045,4.160245,25.96147,199.7101179
10046,4.160586667,25.96352,203.4846314
10047,4.160916389,25.96549833,203.0592221
10048,4.161163889,25.96698333,205.6785674
10049,4.161413889,25.96848333,202.0677993
10050,4.161660278,25.96996167,202.7200685
10051,4.161906944,25.97144167,202.7642968
10052,4.162243333,25.97346,202.0950036
10053,4.162572222,25.97543333,205.7266408
10054,4.162818056,25.97690833,206.5094113
10055,4.163064444,25.97838667,208.5812627
10056,4.163311667,25.97987,200.8891062
10057,4.163558889,25.98135333,197.6438487
10058,4.163890556,25.98334333,194.6081545
10059,4.164216667,25.9853,193.7217381
10060,4.164468889,25.98681333,192.4578619
10061,4.164721944,25.98833167,198.145567
10062,4.16497,25.98982,197.4142696
10063,4.165217778,25.99130667,198.7454247
10064,4.165548056,25.99328833,199.9515116
10065,4.165873333,25.99524,197.3755423
10066,4.166121111,25.99672667,196.6216939
10067,4.166366944,25.99820167,197.2974351
10068,4.166615278,25.99969167,194.3186944
10069,4.166865,26.00119,193.7024273
10070,4.167204167,26.003225,193.1103169
10071,4.167533056,26.00519833,195.1003989
10072,4.167784167,26.006705,197.3919988
10073,4.168037222,26.00822333,198.0955393
10074,4.168287778,26.00972667,196.9416522
10075,4.168538056,26.01122833,198.4543578
10076,4.168873333,26.01324,199.4669834
10077,4.169203333,26.01522,200.6368313
10078,4.169451111,26.01670667,197.3478557
10079,4.169696389,26.01817833,197.4165827
10080,4.169944444,26.01966667,195.1833765
10081,4.170191944,26.02115167,197.1165697
10082,4.170523611,26.02314167,198.9313727
10083,4.170853333,26.02512,197.6830474
10084,4.171102778,26.02661667,199.5628498
10085,4.171353333,26.02812,200.8647464
10086,4.171600278,26.02960167,198.8114742
10087,4.1718475,26.031085,197.007649
10088,4.172181111,26.03308667,195.3582736
10089,4.172505833,26.035035,195.5151797
10090,4.172750556,26.03650333,194.4459438
10091,4.172998056,26.03798833,192.4835514
10092,4.173248333,26.03949,189.7040181
10093,4.173495,26.04097,187.7494404
10094,4.173827778,26.04296667,185.9518867
10095,4.1741575,26.044945,187.1473363
10096,4.174405278,26.04643167,184.1175218
10097,4.174651667,26.04791,185.8235845
10098,4.174901111,26.04940667,186.6976436
10099,4.175150556,26.05090333,190.9541315
10100,4.175484444,26.05290667,194.226713
10101,4.175814444,26.05488667,199.7467133
10102,4.176066389,26.05639833,200.7233764
10103,4.176317778,26.05790667,197.6269775
10104,4.176568056,26.05940833,196.4675511
10105,4.176816667,26.0609,197.1351238
10106,4.177158333,26.06295,197.7198027
10107,4.177492778,26.06495667,194.9142924
10108,4.177744167,26.066465,192.6595775
10109,4.177995,26.06797,186.2651333
10110,4.178245,26.06947,184.7378719
10111,4.178493333,26.07096,182.737032
10112,4.178828611,26.07297167,180.543966
10113,4.179158611,26.07495167,183.8778919
10114,4.179404167,26.076425,184.0944708
10115,4.179652778,26.07791667,185.6445593
10116,4.179900278,26.07940167,186.6380313
10117,4.180149722,26.08089833,186.5948736
10118,4.180485278,26.08291167,186.4412456
10119,4.180813889,26.08488333,187.5832613
10120,4.181061944,26.08637167,188.0419051
10121,4.181310278,26.08786167,186.27114
10122,4.181556944,26.08934167,183.6773836
10123,4.181806389,26.09083833,186.0719499
10124,4.182135556,26.09281333,188.3862576
10125,4.182461667,26.09477,189.355548
10126,4.182711944,26.09627167,191.1704362
10127,4.182963333,26.09778,189.9059124
10128,4.183212778,26.09927667,189.4987356
10129,4.183463889,26.10078333,188.574831
10130,4.183799167,26.102795,187.3388958
10131,4.184126389,26.10475833,185.3199923
10132,4.184369444,26.10621667,183.5485484
10133,4.184613611,26.10768167,181.1154187
10134,4.184861111,26.10916667,180.1873795
10135,4.185110833,26.110665,177.0801903
10136,4.185443056,26.11265833,173.7709671
10137,4.185772222,26.11463333,176.407975
10138,4.186024167,26.116145,178.0456811
10139,4.186272778,26.11763667,181.299595
10140,4.186522222,26.11913333,179.8041304
10141,4.186766389,26.12059833,179.0028655
10142,4.187106111,26.12263667,178.1069409
10143,4.187440556,26.12464333,180.8257345
10144,4.187686389,26.12611833,186.3731929
10145,4.187936667,26.12762,185.049364
10146,4.188184444,26.12910667,181.8807724
10147,4.188431389,26.13058833,183.7778187
10148,4.188769444,26.13261667,185.7264475
10149,4.189096389,26.13457833,186.9727647
10150,4.189342222,26.13605333,190.5023068
10151,4.189591667,26.13755,194.3661218
10152,4.189844722,26.13906833,196.1923533
10153,4.190094167,26.140565,190.8209675
10154,4.190435,26.14261,185.1570178
10155,4.190771111,26.14462667,182.4237266
10156,4.1910225,26.146135,182.4996865
10157,4.191269167,26.147615,183.7677432
10158,4.191515833,26.149095,184.7369633
10159,4.191765556,26.15059333,187.8938855
10160,4.192105556,26.15263333,190.7595715
10161,4.19244,26.15464,193.355104
10162,4.192686389,26.15611833,189.7048629
10163,4.192934167,26.157605,190.2012597
10164,4.19318,26.15908,192.8047568
10165,4.193428333,26.16057,195.2735947
10166,4.193764722,26.16258833,197.4457216
10167,4.194096944,26.16458167,195.47342
10168,4.194345,26.16607,199.8170024
10169,4.194592778,26.16755667,200.1984691
10170,4.194838611,26.16903167,199.8659381
10171,4.195086944,26.17052167,201.6136911
10172,4.195421111,26.17252667,203.3727914
10173,4.195749167,26.174495,203.9339872
10174,4.195997778,26.17598667,205.7121124
10175,4.196248056,26.17748833,207.969768
10176,4.1964975,26.178985,202.6782894
10177,4.196743333,26.18046,201.1752771
10178,4.1970725,26.182435,199.8167055
10179,4.197400556,26.18440333,204.4474595
10180,4.197645556,26.18587333,203.9444127
10181,4.197891111,26.18734667,204.9628646
10182,4.198142222,26.18885333,204.5834967
10183,4.198389722,26.19033833,201.5480821
10184,4.19872,26.19232,198.2518139
10185,4.199043333,26.19426,195.300304
10186,4.199291944,26.19575167,197.5199461
10187,4.199543333,26.19726,197.8780021
10188,4.199793333,26.19876,198.4309049
10189,4.200043889,26.2,198.8823023
10190,4.20038,26.2,198.7907487
10191,4.200709167,26.2,198.6315667
10192,4.200956111,26.2,197.5932789
10193,4.201203333,26.2,201.3939347
10194,4.201450833,26.2,203.0466546
10195,4.201700278,26.2,203.0108597
10196,4.202034722,26.2,203.0061825
10197,4.2023675,26.2,210.6360998
10198,4.202618056,26.2,211.8203858
10199,4.2028675,26.2,215.4731551
10200,4.2031175,26.2,216.2842946
10201,4.203363333,26.2,215.54463
10202,4.203701667,26.2,214.2479842
10203,4.204033611,26.2,213.2671541
10204,4.20428,26.2,218.5681948
10205,4.204525556,26.2,220.2435978
10206,4.204770556,26.2,220.3295151
10207,4.2050175,26.2,222.6415799
10208,4.205353056,26.2,225.1370018
10209,4.205680833,26.2,229.2096695
10210,4.205931111,26.2,226.2516957
10211,4.206178611,26.2,225.5226514
10212,4.206428889,26.2,221.1254306
10213,4.206681944,26.2,218.3965324
10214,4.207019722,26.2,215.6291689
10215,4.207353056,26.2,218.2501191
10216,4.207601389,26.2,217.3518164
10217,4.207850833,26.2,218.4005936
10218,4.208101944,26.2,221.1711549
10219,4.208352778,26.2,225.4797823
10220,4.208686944,26.2,228.9923517
10221,4.209015,26.2,232.6255108
10222,4.209262778,26.2,230.6788927
10223,4.20951,26.2,229.626914
10224,4.209756667,26.2,232.0202576
10225,4.210003889,26.2,232.7343904
10226,4.210336944,26.2,233.5468332
10227,4.210663333,26.2,235.4114917
10228,4.21091,26.2,235.9643676
10229,4.211159444,26.2,232.8734163
10230,4.211406944,26.2,236.1558267
10231,4.211653889,26.2,236.1290631
10232,4.211995,26.2,235.5347215
10233,4.212331944,26.2,237.4956828
10234,4.212579722,26.2,237.2808204
10235,4.212826389,26.2,234.1431814
10236,4.213075,26.2,238.8570256
10237,4.213323333,26.2,234.5264936
10238,4.2136625,26.2,230.2372636
10239,4.213993889,26.2,230.1199384
10240,4.21424,26.2,229.9133996
10241,4.214486389,26.2,229.2863177
10242,4.214730556,26.2,231.3512325
10243,4.214974444,26.2,233.4567116
10244,4.215305278,26.2,235.4214373
10245,4.215636944,26.2,236.7369833
10246,4.215886111,26.2,236.9997523
10247,4.216135833,26.2,235.4969539
10248,4.216385278,26.2,235.6071983
10249,4.216635556,26.2,235.9364289
10250,4.216969444,26.20181667,236.5802049
10251,4.217299167,26.203795,237.1039076
10252,4.217546944,26.20528167,237.9635049
10253,4.217796111,26.20677667,235.8374372
10254,4.218046389,26.20827833,233.5516179
10255,4.218295278,26.20977167,229.2871168
10256,4.2186275,26.211765,224.4100187
10257,4.218953889,26.21372333,226.6098783
10258,4.219203889,26.21522333,227.6676648
10259,4.219454444,26.21672667,228.1321871
10260,4.219703333,26.21822,225.2223422
10261,4.2199525,26.219715,220.0245873
10262,4.220283056,26.22169833,214.4520367
10263,4.220609444,26.22365667,213.5728239
10264,4.220860833,26.225165,216.6151034
10265,4.221108611,26.22665167,216.3562515
10266,4.221355833,26.228135,212.0567825
10267,4.221605278,26.22963167,211.3922884
10268,4.221940556,26.23164333,211.0608138
10269,4.222271389,26.23362833,212.6959119
10270,4.22252,26.23512,214.3160886
10271,4.222765833,26.236595,217.0934477
10272,4.223013611,26.23808167,215.4810888
10273,4.223260556,26.23956333,212.0323458
10274,4.2235975,26.241585,208.3188938
10275,4.223931111,26.24358667,210.9819198
10276,4.2241775,26.245065,211.6975308
10277,4.224425556,26.24655333,210.7261341
10278,4.2246775,26.248065,215.2125649
10279,4.224927222,26.24956333,218.6170215
10280,4.225271389,26.25162833,221.5799873
10281,4.225603056,26.25361833,223.6873725
10282,4.225851667,26.25511,219.4708126
10283,4.226103611,26.25662167,218.442546
10284,4.226351389,26.25810833,217.4581809
10285,4.226602778,26.25961667,217.1756047
10286,4.226940833,26.261645,216.2659444
10287,4.227266944,26.26360167,215.9660194
10288,4.227514722,26.26508833,218.164723
10289,4.227766944,26.26660167,220.7296935
10290,4.228017222,26.26810333,219.869978
10291,4.228263889,26.26958333,220.4202347
10292,4.228601389,26.27160833,221.0067756
10293,4.228932778,26.27359667,221.2368512
10294,4.229180556,26.27508333,220.7016122
10295,4.229428889,26.27657333,219.0373203
10296,4.2296775,26.278065,217.4593185
10297,4.229926111,26.27955667,216.0491844
10298,4.230263889,26.28158333,214.7087085
10299,4.230595556,26.28357333,215.9940271
10300,4.230842222,26.28505333,215.2593515
10301,4.231091111,26.28654667,213.0830667
10302,4.231339444,26.28803667,210.5384146
10303,4.231586944,26.28952167,208.5500336
10304,4.231921389,26.29152833,205.9907639
10305,4.232250556,26.29350333,204.771387
10306,4.232496111,26.29497667,205.8199583
10307,4.232743889,26.29646333,204.2253203
10308,4.232991944,26.29795167,205.2563895
10309,4.233242222,26.29945333,201.7717649
10310,4.233577222,26.30292667,197.6006456
10311,4.233904444,26.30685333,193.7021379
10312,4.234155,26.30986,195.0956328
10313,4.234404167,26.31285,195.5690445
10314,4.234654444,26.31585333,195.4593953
10315,4.234900556,26.31880667,193.1545011
10316,4.235238333,26.32286,191.1967487
10317,4.235566389,26.32679667,200.1443344
10318,4.235813889,26.32976667,204.876412
10319,4.236062778,26.33275333,204.9769587
10320,4.236309167,26.33571,206.9133366
10321,4.236556944,26.33868333,204.1383637
10322,4.236890833,26.34269,200.9289226
10323,4.237221389,26.34665667,200.5376342
10324,4.237468889,26.34962667,199.5247446
10325,4.237715833,26.35259,200.3689992
10326,4.237963056,26.35555667,201.5288453
10327,4.238209167,26.35851,206.1657816
10328,4.238550833,26.36261,210.7579151
10329,4.238882222,26.36658667,214.8104996
10330,4.239130833,26.36957,212.1557425
10331,4.239378611,26.37254333,211.1011154
10332,4.239627222,26.37552667,209.3791113
10333,4.239875556,26.37850667,207.8534284
10334,4.240210278,26.38252333,205.952187
10335,4.240538333,26.38646,212.2999313
10336,4.2407875,26.38945,213.4449439
10337,4.241035556,26.39242667,212.8524364
10338,4.241286667,26.39544,212.0282081
10339,4.241541389,26.39849667,212.7045609
10340,4.241880278,26.40256333,213.1180623
10341,4.242209444,26.40651333,211.1606967
10342,4.242464167,26.40957,208.6211454
10343,4.242716389,26.41259667,214.0037269
10344,4.242968889,26.41562667,218.2542199
10345,4.243216389,26.41859667,218.6446661
10346,4.243550833,26.42261,218.9789988
10347,4.243880556,26.42656667,221.3894155
10348,4.244128056,26.42953667,225.5831713
10349,4.244377778,26.43253333,225.2577759
10350,4.244628333,26.43554,229.0944873
10351,4.244877778,26.43853333,227.9855705
10352,4.245214167,26.44257,226.285033
10353,4.245544722,26.44653667,223.6806852
10354,4.245794167,26.44953,221.9804389
10355,4.246041944,26.45250333,220.8049202
10356,4.246291944,26.45550333,225.1313932
10357,4.246540556,26.45848667,221.0712389
10358,4.246875278,26.46250333,217.2561839
10359,4.247204167,26.46645,215.9245777
10360,4.247454444,26.46945333,217.077674
10361,4.247700833,26.47241,218.0535245
10362,4.247949722,26.47539667,218.8826927
10363,4.2481975,26.47837,219.7656219
10364,4.248529722,26.48235667,220.1095642
10365,4.248859444,26.48631333,221.9117542
10366,4.249107222,26.48928667,220.1820281
10367,4.249355,26.49226,216.241261
10368,4.249601944,26.49522333,218.6429887
10369,4.249853611,26.49824333,218.8720681
10370,4.250189167,26.5,219.669889
10371,4.250520556,26.5,220.4213813
10372,4.250769167,26.5,220.5050531
10373,4.251014444,26.5,218.9788257
10374,4.251264722,26.5,220.9569082
10375,4.251517778,26.5,218.1346754
10376,4.251856944,26.5,214.635082
10377,4.252187222,26.5,215.5015177
10378,4.252436944,26.5,214.2186966
10379,4.252683611,26.5,215.5608213
10380,4.2529325,26.5,216.6151509
10381,4.253183333,26.5,214.191914
10382,4.253520556,26.5,211.3119733
10383,4.253851389,26.5,214.562283
10384,4.2541,26.5,213.8252222
10385,4.254348611,26.5,214.5341617
10386,4.254598889,26.5,212.4578018
10387,4.254848611,26.5,211.144886
10388,4.255184722,26.5,209.9241009
10389,4.255512778,26.5,209.7129536
10390,4.255761111,26.5,208.3685809
10391,4.256010833,26.5,208.5060431
10392,4.256260833,26.5,202.0918223
10393,4.256510556,26.5,200.4918389
10394,4.256843889,26.5,198.6295804
10395,4.257168056,26.5,202.2849904
10396,4.257414444,26.5,204.87387
10397,4.257661944,26.5,205.7247032
10398,4.257916389,26.5,203.8509061
10399,4.258167222,26.5,207.2167883
10400,4.258496111,26.5,210.3248994
10401,4.258819444,26.5,209.9148137
10402,4.259068056,26.5,208.0426924
10403,4.259316667,26.5,206.4446889
10404,4.259561667,26.5,203.5396823
10405,4.259808056,26.5,204.6733952
10406,4.260143611,26.5,205.3386551
10407,4.260473056,26.5,206.7662409
10408,4.260721111,26.5,205.4525586
10409,4.260968889,26.5,205.3657645
10410,4.261213611,26.5,202.4054665
10411,4.261461389,26.5,203.5306276
10412,4.2617975,26.5,204.4051493
10413,4.262124444,26.5,207.457262
10414,4.262370556,26.5,208.6473496
10415,4.262618889,26.5,204.9260964
10416,4.262869167,26.5,204.7090107
10417,4.2631175,26.5,203.5379596
10418,4.263446667,26.5,202.5422391
10419,4.263769167,26.5,202.1229684
10420,4.264016944,26.5,204.3290201
10421,4.264266111,26.5,201.3031758
10422,4.264512778,26.5,199.9999245
10423,4.264766111,26.5,203.2591871
10424,4.265104167,26.5,205.9695374
10425,4.265434167,26.5,206.9316163
10426,4.265681667,26.5,202.9892704
10427,4.265929444,26.5,202.0373767
10428,4.266180278,26.5,202.3325651
10429,4.26643,26.5,200.5816794
10430,4.266762778,26.50057667,198.5058453
10431,4.267093333,26.50256,197.4400966
10432,4.267340833,26.504045,197.9007796
10433,4.267590556,26.50554333,195.8660268
10434,4.267837222,26.50702333,193.2878079
10435,4.268084722,26.50850833,192.7056391
10436,4.2684175,26.510505,192.2667656
10437,4.268744722,26.51246833,194.946116
10438,4.268996667,26.51398,199.2411188
10439,4.269242778,26.51545667,197.8524198
10440,4.269490278,26.51694167,194.9621994
10441,4.269740556,26.51844333,194.8251102
10442,4.270078611,26.52047167,194.4597664
10443,4.270405,26.52243,189.7265053
10444,4.270651667,26.52391,185.4855734
10445,4.2709,26.5254,184.4982487
10446,4.271149444,26.52689667,184.9761404
10447,4.271398056,26.52838833,186.3004246
10448,4.271732222,26.53039333,187.3575512
10449,4.272058611,26.53235167,185.5177348
10450,4.272306111,26.53383667,185.4096563
10451,4.272556667,26.53534,184.0014075
10452,4.272810833,26.536865,182.6794612
10453,4.273061389,26.53836833,182.8448841
10454,4.273393056,26.54035833,182.7765091
10455,4.273720833,26.542325,185.4544026
10456,4.273971944,26.54383167,184.76178
10457,4.274220833,26.545325,186.2737274
10458,4.274469167,26.546815,180.057847
10459,4.274715556,26.54829333,177.5230388
10460,4.275050278,26.55030167,174.8149759
10461,4.275380278,26.55228167,173.4440305
10462,4.275635278,26.55381167,174.0170418
10463,4.275884444,26.55530667,178.895679
10464,4.276135556,26.55681333,180.6999451
10465,4.276386111,26.55831667,178.018262
10466,4.276714444,26.56028667,174.888231
10467,4.277039722,26.56223833,176.5865085
10468,4.277288056,26.56372833,179.2604665
10469,4.277537778,26.56522667,179.156546
10470,4.2777925,26.566755,179.7186447
10471,4.278043611,26.56826167,181.0329697
10472,4.278382778,26.57029667,182.4708814
10473,4.278713611,26.57228167,180.8853465
10474,4.278962222,26.57377333,178.7132936
10475,4.279210556,26.57526333,180.1275401
10476,4.279460833,26.576765,183.0058959
10477,4.279710556,26.57826333,183.8080859
10478,4.280053889,26.58032333,184.3240382
10479,4.280387778,26.58232667,186.0718724
10480,4.280635,26.58381,188.2922085
10481,4.280881944,26.58529167,190.8237483
10482,4.281133889,26.58680333,193.0312734
10483,4.281385278,26.58831167,194.7411129
10484,4.281724444,26.59034667,196.0329005
10485,4.282052222,26.59231333,200.9075455
10486,4.282298889,26.59379333,200.6494554
10487,4.2825475,26.595285,199.678375
10488,4.282796944,26.59678167,200.415823
10489,4.283045556,26.59827333,199.8807477
10490,4.283383889,26.60060667,199.5601307
10491,4.283714167,26.60457,195.5529168
10492,4.283959444,26.60751333,195.7442323
10493,4.284206944,26.61048333,196.9531366
10494,4.284454444,26.61345333,198.4367639
10495,4.284705833,26.61647,199.3370295
10496,4.285040278,26.62048333,200.0478005
10497,4.285365833,26.62439,201.9865538
10498,4.285613056,26.62735667,204.3957878
10499,4.285863333,26.63036,209.4493731
10500,4.286111944,26.63334333,215.4978978
10501,4.286363333,26.63636,214.4727116
10502,4.286701667,26.64042,213.0133299
10503,4.287030278,26.64436333,217.6274557
10504,4.287276111,26.64731333,217.8281116
10505,4.287522222,26.65026667,217.8771932
10506,4.287769722,26.65323667,215.9138813
10507,4.288018889,26.65622667,221.0424188
10508,4.288355278,26.66026333,225.8674438
10509,4.288686389,26.66423667,226.4851125
10510,4.288934444,26.66721333,228.3653758
10511,4.289181389,26.67017667,227.8636895
10512,4.289428056,26.67313667,225.990719
10513,4.2896775,26.67613,229.9077467
10514,4.290012778,26.68015333,233.9251427
10515,4.290336944,26.68404333,237.63805
10516,4.290585,26.68702,241.9641853
10517,4.290833056,26.68999667,245.2202064
10518,4.291078889,26.69294667,240.0143457
10519,4.291325278,26.69590333,241.5696233
10520,4.291661111,26.69993333,242.7229848
10521,4.291988056,26.70385667,240.6102925
10522,4.292234167,26.70681,242.2669554
10523,4.292482778,26.70979333,238.3490113
10524,4.292733889,26.71280667,239.6382627
10525,4.292984167,26.71581,238.205625
10526,4.293319722,26.71983667,236.3992368
10527,4.293650556,26.72380667,236.6811136
10528,4.293896111,26.72675333,236.8322456
10529,4.294144167,26.72973,235.9820718
10530,4.294391389,26.73269667,231.8951392
10531,4.294640833,26.73569,232.6091744
10532,4.294973611,26.73968333,233.1882343
10533,4.295301667,26.74362,232.8439752
10534,4.295550278,26.74660333,234.79967
10535,4.295799722,26.74959667,233.3586386
10536,4.296048889,26.75258667,230.9489593
10537,4.296296667,26.75556,229.8381064
10538,4.296631944,26.75958333,229.3610154
10539,4.296961944,26.76354333,227.5210741
10540,4.297211111,26.76653333,230.2684484
10541,4.2974625,26.76955,233.922037
10542,4.297714722,26.77257667,234.1755257
10543,4.297966111,26.77559333,237.2660411
10544,4.298304167,26.77965,239.8485845
10545,4.298635833,26.78363,238.7054407
10546,4.2988825,26.78659,234.0922284
10547,4.299127222,26.78952667,231.4613164
10548,4.299376667,26.79252,232.1811533
10549,4.299625278,26.79550333,234.4858797
10550,4.299958889,26.79950667,236.235063
10551,4.300285278,26.8,237.4481537
10552,4.300533611,26.8,237.280345
10553,4.300785,26.8,236.698084
10554,4.301036111,26.8,234.0437387
10555,4.301283889,26.8,232.0217809
10556,4.301614444,26.8,230.0746351
10557,4.301939167,26.8,226.5808922
10558,4.302190556,26.8,231.8055913
10559,4.302437778,26.8,229.2255647
10560,4.302684722,26.8,225.4771924
10561,4.302933056,26.8,228.6435574
10562,4.303268611,26.8,231.2466811
10563,4.3035975,26.8,228.9468371
10564,4.303843333,26.8,225.1942265
10565,4.304091111,26.8,223.3245999
10566,4.304341111,26.8,225.0240999
10567,4.304591667,26.8,227.6059781
10568,4.304925,26.8,230.2469547
10569,4.3052525,26.8,226.010515
10570,4.305499722,26.8,228.0061193
10571,4.305746667,26.8,227.9601017
10572,4.3059925,26.8,225.7756383
10573,4.306238889,26.8,224.3782457
10574,4.306572778,26.8,222.3201696
10575,4.306901667,26.8,219.284052
10576,4.307151111,26.8,215.4945128
10577,4.307399722,26.8,214.873255
10578,4.307646111,26.8,210.4286645
10579,4.307892778,26.8,207.6697092
10580,4.308224444,26.8,205.307834
10581,4.3085475,26.8,204.6245392
10582,4.308794722,26.8,210.0157797
10583,4.3090425,26.8,211.2713928
10584,4.309291944,26.8,209.2135598
10585,4.309541389,26.8,204.8568803
10586,4.309878611,26.8,200.8329948
10587,4.310209444,26.8,200.6197284
10588,4.310456944,26.8,203.1631112
10589,4.310709167,26.8,204.5214536
10590,4.310961389,26.8,207.0580562
10591,4.31121,26.8,210.5923096
10592,4.311544444,26.8,214.4355769
10593,4.311875833,26.8,216.0326617
10594,4.312125556,26.8,216.9273363
10595,4.312376667,26.8,216.1389817
10596,4.312625833,26.8,216.0096228
10597,4.312875556,26.8,216.4236197
10598,4.313219444,26.8,216.3459164
10599,4.313553611,26.8,219.3662063
10600,4.313799444,26.8,221.0485191
10601,4.314045833,26.8,222.3579428
10602,4.314295278,26.8,227.6452354
10603,4.314541944,26.8,229.4473144
10604,4.314882222,26.8,230.6474561
10605,4.315215556,26.8,239.7345279
10606,4.315460556,26.8,241.5918957
10607,4.315708056,26.8,240.8319535
10608,4.315955833,26.8,239.1132361
10609,4.316205,26.8,239.4040367
10610,4.3165425,26.8,239.5147216
10611,4.316876944,26.80126167,236.4143401
10612,4.31713,26.80278,241.0611431
10613,4.317381111,26.80428667,241.3326741
10614,4.317633611,26.80580167,242.0868405
10615,4.317882222,26.80729333,242.4185363
10616,4.318215556,26.80929333,242.4787181
10617,4.318540833,26.811245,249.2615908
10618,4.318788611,26.81273167,253.1018299
10619,4.319035278,26.81421167,256.8730996
10620,4.319282778,26.81569667,261.5728347
10621,4.319530556,26.81718333,261.4419109
10622,4.31987,26.81922,260.7430244
10623,4.320200278,26.82120167,265.6011854
10624,4.320449722,26.82269833,268.4864769
10625,4.320699167,26.824195,270.6483319
10626,4.320950278,26.82570167,271.6654678
10627,4.321198611,26.82719167,278.537833
10628,4.321533611,26.82920167,284.680041
10629,4.321861389,26.83116833,288.5404459
10630,4.322111667,26.83267,292.1339306
10631,4.322361389,26.83416833,294.6299019
10632,4.322611389,26.83566833,295.9803478
10633,4.322858333,26.83715,298.0354131
10634,4.323191111,26.83914667,300.6512467
10635,4.323516389,26.84109833,303.6828056
10636,4.323765278,26.84259167,306.1051618
10637,4.324013333,26.84408,307.8060199
10638,4.32426,26.84556,306.9786904
10639,4.324508333,26.84705,306.5476386
10640,4.324841111,26.84904667,305.3860721
10641,4.325163889,26.85098333,302.6744784
10642,4.325409444,26.85245667,303.169254
10643,4.325655833,26.853935,298.9236698
10644,4.325903611,26.85542167,300.6145182
10645,4.326150556,26.85690333,296.3544189
10646,4.326494722,26.85896833,291.9114894
10647,4.326828611,26.86097167,292.6769436
10648,4.327077778,26.86246667,295.1481471
10649,4.327325556,26.86395333,295.0582384
10650,4.3275725,26.865435,292.4786691
10651,4.327820556,26.86692333,292.637851
10652,4.328164167,26.868985,292.4396405
10653,4.328494167,26.870965,289.8409141
10654,4.328739722,26.87243833,289.8895623
10655,4.328985833,26.873915,290.4518105
10656,4.329237778,26.87542667,289.2174541
10657,4.329488056,26.87692833,287.0529911
10658,4.329826667,26.87896,285.5353431
10659,4.330158333,26.88095,279.7365638
10660,4.33041,26.88246,277.7472221
10661,4.33066,26.88396,280.1894044
10662,4.330910833,26.885465,278.1313927
10663,4.331158889,26.88695333,277.398187
10664,4.331493889,26.88896333,275.7687952
10665,4.331820833,26.890925,269.2578717
10666,4.332070278,26.89242167,264.6448394
10667,4.332319167,26.893915,260.2178951
10668,4.332566667,26.8954,261.1417377
10669,4.3328125,26.896875,261.2975619
10670,4.333150833,26.898905,261.3179519
10671,4.333480556,26.90088333,259.9779612
10672,4.333726389,26.90235833,257.0844892
10673,4.333973056,26.90383833,254.4541801
10674,4.334222222,26.90533333,254.9765872
10675,4.334469444,26.90681667,249.2167047
10676,4.334805556,26.90883333,243.1982382
10677,4.335133611,26.91080167,236.4044565
10678,4.335384722,26.91230833,236.3463597
10679,4.335632222,26.91379333,231.6752807
10680,4.335881667,26.91529,227.2102211
10681,4.336133889,26.91680333,226.3515983
10682,4.336471111,26.91882667,224.9988639
10683,4.3368,26.9208,222.2782389
10684,4.337050556,26.92230333,213.2716245
10685,4.337301111,26.92380667,210.1338599
10686,4.337550278,26.92530167,206.0885261
10687,4.337798056,26.92678833,206.7146504
10688,4.338132222,26.92879333,207.4906269
10689,4.338463333,26.93078,203.1742216
10690,4.338710833,26.932265,205.275792
10691,4.338960278,26.93376167,202.3586021
10692,4.339208611,26.93525167,202.3112202
10693,4.339459167,26.936755,196.2761872
10694,4.339791667,26.93875,189.3865177
10695,4.340116389,26.94069833,184.5407279
10696,4.340363056,26.94217833,179.0368687
10697,4.340613056,26.94367833,170.8664948
10698,4.3408625,26.945175,168.2061095
10699,4.341111111,26.94666667,163.9689324
10700,4.341441667,26.94865,160.51527
10701,4.341766389,26.95059833,159.4187236
10702,4.342015,26.95209,158.2686949
10703,4.342265278,26.95359167,160.8095583
10704,4.342512222,26.95507333,158.8621182
10705,4.342759444,26.95655667,157.8129648
10706,4.3430975,26.958585,157.3699859
10707,4.343426667,26.96056,155.7633494
10708,4.343672222,26.96203333,153.4810802
10709,4.34392,26.96352,152.804789
10710,4.344168611,26.96501167,149.5799889
10711,4.344415278,26.96649167,147.2807327
10712,4.344744444,26.96846667,144.7738387
10713,4.345070278,26.97042167,142.9947558
10714,4.345317222,26.97190333,139.4563598
10715,4.345565556,26.97339333,134.4941696
10716,4.3458125,26.974875,130.8511659
10717,4.346058056,26.97634833,126.5698482
10718,4.346385556,26.97831333,122.7671597
10719,4.346713333,26.98028,122.5571645
10720,4.346961944,26.98177167,122.0681328
10721,4.347207778,26.98324667,121.8605524
10722,4.347455278,26.98473167,119.9924374
10723,4.347702222,26.98621333,119.9130436
10724,4.3480375,26.988225,118.9292546
10725,4.348365556,26.99019333,124.0896916
10726,4.348615,26.99169,123.1274613
10727,4.348865278,26.99319167,123.7212797
10728,4.349112778,26.99467667,122.8600578
10729,4.349358889,26.99615333,122.6457475
10730,4.349691111,26.99814667,122.4194761
10731,4.3500175,27.000105,119.3371043
10732,4.350264722,27.00158833,120.3042935
10733,4.350516389,27.00309833,119.1368411
10734,4.350764167,27.004585,116.4750448
10735,4.351011667,27.00607,114.503116
10736,4.351344167,27.008065,112.3439261
10737,4.351665,27.00999,117.0007979
10738,4.3519125,27.011475,115.8911782
10739,4.352163889,27.01298333,117.099053
10740,4.352410278,27.01446167,116.0810672
10741,4.352660833,27.015965,114.5971803
10742,4.352995,27.01797,112.7838821
10743,4.353324444,27.01994667,113.9921382
10744,4.353570278,27.02142167,113.5027389
10745,4.353818611,27.02291167,113.611066
10746,4.354067778,27.02440667,117.2213486
10747,4.354316389,27.02589833,118.7134264
10748,4.354658333,27.02795,119.5730879
10749,4.354990278,27.02994167,123.2038412
10750,4.355241944,27.03145167,127.3674381
10751,4.355487778,27.03292667,128.3999195
10752,4.355741944,27.03445167,131.0939499
10753,4.355994444,27.03596667,136.2818292
10754,4.356329444,27.03797667,142.0457956
10755,4.356660278,27.03996167,144.4824112
10756,4.356908611,27.04145167,143.4867135
10757,4.357154444,27.04292667,145.2919406
10758,4.357400556,27.04440333,146.5436495
10759,4.357647778,27.04588667,142.9003685
10760,4.357981667,27.04789,138.1385569
10761,4.358311389,27.04986833,135.0766176
10762,4.3585625,27.051375,134.8033988
10763,4.358810556,27.05286333,136.8444664
10764,4.359060833,27.054365,136.3760123
10765,4.359312222,27.05587333,134.8574093
10766,4.359649444,27.05789667,133.8711639
10767,4.359984722,27.05990833,140.9574261
10768,4.360236389,27.06141833,146.2986892
10769,4.360483611,27.06290167,151.7705888
10770,4.360733056,27.06439833,154.2854309
10771,4.360985278,27.06591167,156.6762798
10772,4.361320556,27.06792333,158.6317855
10773,4.361649444,27.06989667,158.9899946
10774,4.361897222,27.07138333,158.9190518
10775,4.362148056,27.07288833,161.2756184
10776,4.362398889,27.07439333,164.0007601
10777,4.362647778,27.07588667,169.2636648
10778,4.362985833,27.077915,175.0888603
10779,4.363313889,27.07988333,175.0691832
10780,4.363561944,27.08137167,176.1756095
10781,4.363813889,27.08288333,175.6152989
10782,4.3640625,27.084375,177.7372983
10783,4.364311389,27.08586833,182.8132894
10784,4.364644722,27.08786833,187.2353487
10785,4.364971667,27.08983,186.2000747
10786,4.365217778,27.09130667,187.104044
10787,4.365464167,27.092785,189.2094083
10788,4.365714722,27.09428833,193.7931521
10789,4.365961944,27.09577167,193.610918
10790,4.366296944,27.09778167,193.3434565
10791,4.366623056,27.09973833,192.3613085
10792,4.366866944,27.1,191.7671293
10793,4.367115556,27.1,193.212667
10794,4.367366667,27.1,200.7771996
10795,4.367615278,27.1,202.4632049
10796,4.367945833,27.1,204.1108492
10797,4.368271111,27.1,203.6392458
10798,4.36852,27.1,205.5291155
10799,4.368773889,27.1,212.6639406
10800,4.369023889,27.1,215.2521868
10801,4.369270833,27.1,217.1434011
10802,4.369608056,27.1,218.3523964
10803,4.369937778,27.1,215.1586656
10804,4.370185278,27.1,211.3911354
10805,4.370432222,27.1,213.1764093
10806,4.370680556,27.1,212.0335054
10807,4.370930278,27.1,213.3473836
10808,4.371267222,27.1,214.9090187
10809,4.3716,27.1,218.323472
10810,4.371850278,27.1,224.0303001
10811,4.372096944,27.1,225.1538264
10812,4.372343889,27.1,231.1586862
10813,4.372595,27.1,231.7553201
10814,4.372938611,27.1,231.8192142
10815,4.373273333,27.1,231.9746098
10816,4.373523611,27.1,232.7367678
10817,4.373768611,27.1,228.9721013
10818,4.374014167,27.1,231.2209351
10819,4.37426,27.1,229.9670384
10820,4.374602778,27.1,228.5608045
10821,4.374935833,27.1,230.7155415
10822,4.375181944,27.1,231.8818276
10823,4.375429722,27.1,235.2041737
10824,4.375678889,27.1,239.6094571
10825,4.375931111,27.1,244.985309
10826,4.37627,27.1,250.1644459
10827,4.376600833,27.1,251.6160232
10828,4.376849444,27.1,251.2903142
10829,4.377100833,27.1,249.7890081
10830,4.377351389,27.1,246.7668897
10831,4.377603889,27.1,246.3781574
10832,4.377939722,27.1,246.1870856
10833,4.378265556,27.1,249.5975073
10834,4.378510833,27.1,249.7883047
10835,4.378761111,27.1,250.3667915
10836,4.379012222,27.1,252.1491943
10837,4.379258333,27.1,252.5886939
10838,4.379599167,27.1,253.2337274
10839,4.379928889,27.1,256.6499125
10840,4.380181667,27.1,260.6944194
10841,4.380428889,27.1,263.8312979
10842,4.380676944,27.1,262.5113048
10843,4.380925556,27.1,266.5004325
10844,4.381263611,27.1,269.888069
10845,4.3815975,27.1,277.2676612
10846,4.381846667,27.1,278.9173319
10847,4.382095278,27.1,281.4007591
10848,4.382342222,27.1,286.7652608
10849,4.382591389,27.1,287.757647
10850,4.382932222,27.1,288.5962399
10851,4.383261389,27.1,286.7011805
10852,4.38351,27.10212,283.298949
10853,4.383758056,27.10509667,284.2069275
10854,4.384006111,27.10807333,282.4864103
10855,4.384253333,27.11104,279.7483478
10856,4.3845925,27.11511,276.8482793
10857,4.384926944,27.11912333,276.1941575
10858,4.385171667,27.12206,274.2429855
10859,4.3854175,27.12501,277.5146618
10860,4.385665278,27.12798333,272.7482966
10861,4.385914722,27.13097667,270.828243
10862,4.38625,27.135,268.4879943
10863,4.386580556,27.13896667,267.4377012
10864,4.386829167,27.14195,264.7394724
10865,4.387079444,27.14495333,258.4051968
10866,4.387329444,27.14795333,258.5628612
10867,4.387580278,27.15096333,256.7111743
10868,4.387914167,27.15497,254.9047331
10869,4.388246667,27.15896,253.8551278
10870,4.3884925,27.16191,255.8133468
10871,4.388737222,27.16484667,255.3126592
10872,4.388986944,27.16784333,253.7931072
10873,4.389238889,27.17086667,259.386875
10874,4.389571389,27.17485667,265.0125959
10875,4.389899444,27.17879333,264.332902
10876,4.390148333,27.18178,258.5426316
10877,4.3903975,27.18477,258.9039243
10878,4.390646944,27.18776333,253.354055
10879,4.390896389,27.19075667,246.704246
10880,4.391226389,27.19471667,239.5186393
10881,4.391552222,27.19862667,237.9443623
10882,4.391798889,27.20158667,236.1148319
10883,4.392046111,27.20455333,237.2447852
10884,4.392293611,27.20752333,236.8818602
10885,4.392539444,27.21047333,233.8218701
10886,4.392879167,27.21455,231.0449111
10887,4.393213056,27.21855667,234.535365
10888,4.393463056,27.22155667,237.9165083
10889,4.393712778,27.22455333,241.4244819
10890,4.393962222,27.22754667,244.2989991
10891,4.3942125,27.23055,243.5261099
10892,4.394548889,27.23458667,241.7881988
10893,4.394880556,27.23856667,241.5262607
10894,4.395126944,27.24152333,238.5703476
10895,4.395372778,27.24447333,236.0780077
10896,4.395619444,27.24743333,232.6127548
10897,4.395868333,27.25042,232.3241921
10898,4.396205556,27.25446667,232.7405867
10899,4.396534167,27.25841,227.6413666
10900,4.3967825,27.26139,226.1085512
10901,4.397029722,27.26435667,221.4606621
10902,4.397276944,27.26732333,219.5483392
10903,4.397524444,27.27029333,220.0992643
10904,4.397861667,27.27434,220.5515705
10905,4.398191111,27.27829333,216.3256569
10906,4.398439167,27.28127,214.4653287
10907,4.398685278,27.28422333,214.2023271
10908,4.3989375,27.28725,213.6511773
10909,4.399186667,27.29024,210.2794371
10910,4.399521111,27.29425333,206.5011492
10911,4.399848056,27.29817667,198.7027483
10912,4.400096667,27.29942,199.0835052
10913,4.400345556,27.29792667,199.466084
10914,4.400598333,27.29641,196.2188247
10915,4.400844444,27.29493333,191.921057
10916,4.401174444,27.29295333,187.8061923
10917,4.401500278,27.29099833,185.3679903
10918,4.401747778,27.28951333,185.603291
10919,4.401993889,27.28803667,192.3646743
10920,4.402244167,27.286535,192.3719901
10921,4.402493611,27.28503833,191.9716968
10922,4.402828889,27.28302667,190.7042221
10923,4.403156389,27.28106167,184.8869851
10924,4.403406389,27.27956167,183.0253256
10925,4.403653333,27.27808,182.9332944
10926,4.403903333,27.27658,187.2063723
10927,4.404150278,27.27509833,187.8453541
10928,4.4044875,27.273075,189.1555352
10929,4.404816389,27.27110167,191.0564729
10930,4.405064722,27.26961167,194.7565931
10931,4.405312222,27.26812667,197.9173204
10932,4.405561944,27.26662833,201.2847147
10933,4.405813333,27.26512,196.913879
10934,4.406149722,27.26310167,192.0255832
10935,4.406481389,27.26111167,192.7805114
10936,4.406730556,27.25961667,196.4387144
10937,4.406978333,27.25813,195.264288
10938,4.407226111,27.25664333,198.5287009
10939,4.4074725,27.255165,190.9777284
10940,4.407803333,27.25318,183.4500722
10941,4.408129722,27.25122167,181.1736319
10942,4.4083775,27.249735,180.2234229
10943,4.408625833,27.248245,178.0300261
10944,4.408878611,27.24672833,178.2919906
10945,4.409129444,27.24522333,181.9137719
10946,4.409465556,27.24320667,184.5228121
10947,4.409793611,27.24123833,184.8581393
10948,4.410045556,27.23972667,183.3050119
10949,4.410296389,27.23822167,179.6296016
10950,4.410546389,27.23672167,178.0199041
10951,4.410798333,27.23521,176.8215793
10952,4.4111375,27.233175,176.2814303
10953,4.411467778,27.23119333,180.4418528
10954,4.411716111,27.22970333,177.9348166
10955,4.411965556,27.22820667,179.4192694
10956,4.412214167,27.226715,183.2666158
10957,4.412463611,27.22521833,185.8312308
10958,4.412796944,27.22321833,188.3615146
10959,4.413125,27.22125,194.974883
10960,4.4133725,27.219765,196.2003016
10961,4.413619167,27.218285,201.2992734
10962,4.413865833,27.216805,205.8239485
10963,4.414114444,27.21531333,212.0830088
10964,4.414446389,27.21332167,218.1577741
10965,4.414772222,27.21136667,221.3725711
10966,4.415021944,27.20986833,225.4928621
10967,4.415270556,27.20837667,229.9188135
10968,4.41552,27.20688,239.4764977
10969,4.415766944,27.20539833,239.9472441
10970,4.416103611,27.20337833,240.3628581
10971,4.416433611,27.20139833,240.401674
10972,4.4166825,27.200095,239.8989632
10973,4.416934722,27.20160833,239.070144
10974,4.417181389,27.20308833,243.6753109
10975,4.417430278,27.20458167,241.8004256
10976,4.417763333,27.20658,239.4135944
10977,4.418091111,27.20854667,245.3825572
10978,4.418336944,27.21002167,246.8752822
10979,4.418584444,27.21150667,255.9580494
10980,4.418833056,27.21299833,256.4380509
10981,4.419080833,27.214485,259.3390911
10982,4.419414167,27.216485,261.3900953
10983,4.419747778,27.21848667,267.0095723
10984,4.419994722,27.21996833,272.585161
10985,4.420242222,27.22145333,270.7241832
10986,4.420493611,27.22296167,271.1266791
10987,4.420743056,27.22445833,271.29108
10988,4.421076389,27.22645833,272.1980122
10989,4.421398889,27.22839333,275.1834571
10990,4.421645556,27.22987333,277.1292652
10991,4.421893056,27.23135833,283.1981157
10992,4.422144444,27.23286667,283.6040418
10993,4.422394167,27.234365,286.6612724
10994,4.422720278,27.23632167,289.3397252
10995,4.423041111,27.23824667,293.1869402
10996,4.423286944,27.23972167,293.7688844
10997,4.423535,27.24121,295.895225
10998,4.423782778,27.24269667,294.875241
10999,4.424031389,27.24418833,294.3380435
11000,4.424360556,27.24616333,293.7448394
11001,4.424685833,27.248115,295.2030968
11002,4.424930556,27.24958333,296.6927871
11003,4.425177222,27.25106333,297.199894
11004,4.425426944,27.25256167,300.8959099
11005,4.42568,27.25408,302.1618955
11006,4.426016944,27.25610167,303.4174041
11007,4.426343056,27.25805833,304.6264228
11008,4.42659,27.25954,311.5096665
11009,4.426839444,27.26103667,313.260509
11010,4.427085833,27.262515,318.2678701
11011,4.4273375,27.264025,319.228799
11012,4.427668056,27.26600833,319.441232
11013,4.427989722,27.26793833,322.1817648
11014,4.4282375,27.269425,322.9964333
11015,4.428482222,27.27089333,325.9744833
11016,4.428728056,27.27236833,327.6324145
11017,4.428974722,27.27384833,327.7315946
11018,4.429302778,27.27581667,327.4251276
11019,4.429626944,27.27776167,320.9583686
11020,4.429873889,27.27924333,322.6818233
11021,4.430119722,27.28071833,318.6372997
11022,4.430366667,27.2822,318.0817085
11023,4.430616944,27.28370167,313.4223621
11024,4.430938333,27.28563,309.1770176
11025,4.431253611,27.28752167,305.0885499
11026,4.431500556,27.28900333,304.0787986
11027,4.431753611,27.29052167,305.3188412
11028,4.432009444,27.29205667,302.4908537
11029,4.432264167,27.293585,298.0830623
11030,4.432596111,27.29557667,293.4195959
11031,4.432922222,27.29753333,286.8856184
11032,4.433171667,27.29903,289.1889079
11033,4.43342,27.30052,288.4269866
11034,4.433667778,27.30200667,284.5672643
11035,4.4339175,27.303505,278.0716615
11036,4.434251667,27.30551,271.1964592
11037,4.434583056,27.30749833,267.3629746
11038,4.434832778,27.30899667,270.9134212
11039,4.435081389,27.31048833,271.1463515
11040,4.435333611,27.31200167,267.779043
11041,4.435585833,27.313515,265.2087654
11042,4.435913889,27.31548333,261.7660391
11043,4.436233611,27.31740167,256.7424328
11044,4.436483889,27.31890333,252.45291
11045,4.436739722,27.32043833,251.2625194
11046,4.43699,27.32194,253.9172438
11047,4.437236667,27.32342,256.5716783
11048,4.437565833,27.325395,259.7739794
11049,4.437895,27.32737,260.4470689
11050,4.438146667,27.32888,261.9585262
11051,4.438391944,27.33035167,263.7402425
11052,4.438639444,27.33183667,262.9069693
11053,4.438891667,27.33335,256.6790421
11054,4.439221389,27.33532833,249.9786332
11055,4.439542222,27.33725333,247.0669283
11056,4.439790833,27.338745,247.5471034
11057,4.440042778,27.34025667,246.0000795
11058,4.4402925,27.341755,247.8834308
11059,4.440541944,27.34325167,237.8396621
11060,4.440876944,27.34526167,228.0125951
11061,4.441203333,27.34722,226.8066168
11062,4.441452778,27.34871667,222.7873927
11063,4.441700556,27.35020333,221.9729705
11064,4.441948056,27.35168833,222.763339
11065,4.442198611,27.35319167,226.8020335
11066,4.442529167,27.355175,229.6368375
11067,4.442853611,27.35712167,233.6053203
11068,4.443103333,27.35862,232.8663036
11069,4.443352778,27.36011667,228.6171418
11070,4.443598333,27.36159,224.8810905
11071,4.443846111,27.36307667,222.0503907
11072,4.444173056,27.36503833,220.0101666
11073,4.444494722,27.36696833,219.9374977
11074,4.444741667,27.36845,213.2752297
11075,4.444988889,27.36993333,209.4265182
11076,4.445235,27.37141,210.8501896
11077,4.445488056,27.37292833,206.3823286
11078,4.445824444,27.37494667,201.8859489
11079,4.446151111,27.37690667,203.6173458
11080,4.446396389,27.37837833,200.9337753
11081,4.446645556,27.37987333,202.5622919
11082,4.446895278,27.38137167,206.1383638
11083,4.447145556,27.38287333,211.3693773
11084,4.4474725,27.384835,216.3185193
11085,4.447798056,27.38678833,216.0248102
11086,4.448046667,27.38828,216.9994875
11087,4.448296944,27.38978167,224.0619763
11088,4.448545278,27.39127167,228.8664582
11089,4.448795833,27.392775,225.7711638
11090,4.449125833,27.394755,222.8089024
11091,4.449451667,27.39671,218.8252753
11092,4.449699167,27.398195,214.6707921
11093,4.44995,27.3997,212.0219616
11094,4.450204722,27.40122833,211.2486048
11095,4.450453056,27.40271833,208.7632163
11096,4.450776944,27.40466167,205.7464151
11097,4.451098056,27.40658833,208.5760133
11098,4.451347778,27.40808667,211.315201
11099,4.451599167,27.409595,217.1151812
11100,4.451851389,27.41110833,221.5850774
11101,4.452104444,27.41262667,223.7616212
11102,4.452434167,27.414605,225.1473038
11103,4.452763056,27.41657833,231.4498904
11104,4.453013333,27.41808,239.5259856
11105,4.453263611,27.41958167,239.2497918
11106,4.453507778,27.42104667,238.1221953
11107,4.453756389,27.42253833,235.4150525
11108,4.454086944,27.42452167,232.77399
11109,4.454410556,27.42646333,232.5932877
11110,4.454658333,27.42795,229.4311919
11111,4.454906944,27.42944167,227.618644
11112,4.455155278,27.43093167,225.1847955
11113,4.455406667,27.43244,223.9511947
11114,4.455743056,27.43445833,222.7742081
11115,4.456069167,27.436415,225.4516603
11116,4.456319444,27.43791667,225.1215551
11117,4.456574444,27.43944667,226.9032832
11118,4.456824722,27.44094833,231.8638612
11119,4.457078889,27.44247333,236.1105166
11120,4.457410278,27.44446167,240.3783678
11121,4.457735556,27.44641333,239.8191481
11122,4.457983333,27.4479,240.978853
11123,4.458231944,27.44939167,241.043419
11124,4.458484167,27.450905,241.2449287
11125,4.458737222,27.45242333,243.8857769
11126,4.459063333,27.45438,246.5330297
11127,4.459384167,27.456305,248.6119714
11128,4.459633333,27.4578,251.6006469
11129,4.459883056,27.45929833,251.1939775
11130,4.460130833,27.460785,254.7570613
11131,4.460376389,27.46225833,256.2982189
11132,4.4607075,27.464245,257.3266964
11133,4.461034167,27.466205,261.5653088
11134,4.461282778,27.46769667,264.0783167
11135,4.461531389,27.46918833,269.000317
11136,4.461783056,27.47069833,266.5744145
11137,4.462034722,27.47220833,270.3619711
11138,4.462364167,27.474185,273.4705602
11139,4.462686389,27.47611833,273.6252877
11140,4.462932222,27.47759333,274.1302524
11141,4.463179722,27.47907833,273.6196359
11142,4.463423056,27.48053833,273.4370229
11143,4.463672222,27.48203333,270.3321084
11144,4.4639975,27.483985,267.2603859
11145,4.464317222,27.48590333,267.3092792
11146,4.464565833,27.487395,269.3035032
11147,4.464813611,27.48888167,268.8327045
11148,4.465068333,27.49041,264.9581215
11149,4.465317222,27.49190333,259.6896015
11150,4.465645833,27.493875,254.1333976
11151,4.465967778,27.49580667,251.4224793
11152,4.466218889,27.49731333,252.118121
11153,4.466470278,27.49882167,247.0143952
11154,4.466717778,27.50061333,248.1900644
11155,4.466966111,27.50359333,244.0518333
11156,4.467293611,27.50752333,239.5466906
11157,4.467613056,27.51135667,239.177489
11158,4.467861111,27.51433333,242.8758776
11159,4.468111111,27.51733333,242.3940161
11160,4.468360833,27.52033,241.250227
11161,4.468611111,27.52333333,238.736072
11162,4.468938056,27.52725667,235.7919445
11163,4.469254444,27.53105333,238.1714151
11164,4.469501944,27.53402333,237.5153278
11165,4.469749722,27.53699667,237.4529309
11166,4.470000833,27.54001,237.1836102
11167,4.470252222,27.54302667,238.4695877
11168,4.470578333,27.54694,239.7122404
11169,4.470897222,27.55076667,241.5690873
11170,4.471146667,27.55376,240.2861125
11171,4.471396389,27.55675667,237.9380087
11172,4.471646667,27.55976,235.0643628
11173,4.471895833,27.56275,233.0850899
11174,4.472218333,27.56662,231.1828352
11175,4.472536667,27.57044,228.2629646
11176,4.472784167,27.57341,223.1697484
11177,4.473029722,27.57635667,219.4968884
11178,4.473278611,27.57934333,219.7760167
11179,4.473527222,27.58232667,215.925646
11180,4.473849444,27.58619333,212.1849874
11181,4.474168611,27.59002333,216.0708571
11182,4.474418056,27.59301667,216.8582194
11183,4.474669167,27.59603,218.3886268
11184,4.474916944,27.59900333,217.4218133
11185,4.475163889,27.60196667,220.8095553
11186,4.47549,27.60588,223.954604
11187,4.475811667,27.60974,227.4582509
11188,4.476063889,27.61276667,227.9269993
11189,4.476314722,27.61577667,225.7793937
11190,4.4765625,27.61875,225.5508793
11191,4.476812778,27.62175333,225.1012937
11192,4.477135556,27.62562667,225.0735128
11193,4.477453333,27.62944,226.7590301
11194,4.477700833,27.63241,226.4486032
11195,4.477950556,27.63540667,223.4216462
11196,4.478201667,27.63842,221.4969836
11197,4.478448611,27.64138333,221.45874
11198,4.478766389,27.64519667,220.9335928
11199,4.479083611,27.64900333,218.6900461
11200,4.479333056,27.65199667,219.923597
11201,4.47958,27.65496,219.3155574
11202,4.479827222,27.65792667,219.0167421
11203,4.480073889,27.66088667,223.9932958
11204,4.4804,27.6648,228.5047415
11205,4.480722778,27.66867333,233.2981906
11206,4.480967778,27.67161333,233.0228114
11207,4.481211667,27.67454,234.8638889
11208,4.481458611,27.67750333,237.0982161
11209,4.481709722,27.68051667,233.8915338
11210,4.4820375,27.68445,230.9612033
11211,4.482355556,27.68826667,228.9418539
11212,4.482603333,27.69124,223.0612735
11213,4.482852778,27.69423333,219.9712856
11214,4.483102222,27.69722667,212.8073176
11215,4.483351667,27.69978,210.1136423
11216,4.483678611,27.69585667,207.4280297
11217,4.483999444,27.69200667,201.9655637
11218,4.484243333,27.68908,200.6562765
11219,4.484490278,27.68611667,201.3162253
11220,4.484740556,27.68311333,205.5419307
11221,4.484988056,27.68014333,207.4021365
11222,4.485320833,27.67615,208.6126207
11223,4.485648056,27.67222333,216.4914047
11224,4.4858975,27.66923,222.6992165
11225,4.486151111,27.66618667,221.7904696
11226,4.486398889,27.66321333,221.7650926
11227,4.486645556,27.66025333,216.0953329
11228,4.486972778,27.65632667,209.7431843
11229,4.487294444,27.65246667,206.975436
11230,4.487546389,27.64944333,205.8970019
11231,4.487796389,27.64644333,202.7067156
11232,4.488043611,27.64347667,203.897133
11233,4.488292222,27.64049333,200.1383346
11234,4.488616667,27.6366,196.427292
11235,4.488935556,27.63277333,193.8863849
11236,4.489183056,27.62980333,190.6543083
11237,4.489430833,27.62683,188.9149532
11238,4.489677222,27.62387333,192.4715904
11239,4.489926667,27.62088,197.3711331
11240,4.490251389,27.61698333,202.4547339
11241,4.490572222,27.61313333,200.6551671
11242,4.490820556,27.61015333,202.0558189
11243,4.491073611,27.60711667,204.700653
11244,4.491325,27.6041,201.8207181
11245,4.491573333,27.60112,203.9531466
11246,4.491893611,27.59727667,206.1438347
11247,4.492208611,27.59349667,210.7684102
11248,4.492458056,27.59050333,209.5053131
11249,4.492708056,27.58750333,208.0098129
11250,4.492955833,27.58453,209.5993511
11251,4.493202778,27.58156667,209.6419243
11252,4.493525278,27.57769667,209.4810286
11253,4.493843056,27.57388333,214.2015338
11254,4.49409,27.57092,218.4500247
11255,4.494338333,27.56794,219.9759567
11256,4.494594167,27.56487,217.4354416
11257,4.494846667,27.56184,221.002363
11258,4.495170278,27.55795667,224.5581487
11259,4.495493333,27.55408,229.9702353
11260,4.495743056,27.55108333,225.9410678
11261,4.495991667,27.5481,226.822584
11262,4.496243889,27.54507333,223.3697485
11263,4.496492222,27.54209333,222.2435132
11264,4.496819167,27.53817,220.4972758
11265,4.497141667,27.5343,228.8578682
11266,4.497386667,27.53136,232.3135134
11267,4.497634167,27.52839,229.677245
11268,4.497882778,27.52540667,225.9704822
11269,4.498131389,27.52242333,222.7453486
11270,4.498448611,27.51861667,218.9806835
11271,4.4987675,27.51479,220.0121656
11272,4.499019722,27.51176333,218.978504
11273,4.499270833,27.50875,212.6585366
11274,4.499520556,27.50575333,212.6907976
11275,4.499767778,27.50278667,208.7388591
11276,4.500090556,27.49945667,204.4179445
11277,4.500410278,27.49753833,205.8923922
11278,4.500660556,27.49603667,203.2777758
11279,4.5009075,27.494555,200.6441429
11280,4.501158056,27.49305167,195.612046
11281,4.501409167,27.491545,194.5270202
11282,4.501733611,27.48959833,193.5024834
11283,4.502055833,27.487665,198.9286036
11284,4.502304722,27.48617167,204.0311828
11285,4.502551944,27.48468833,203.5459633
11286,4.5028,27.4832,204.6690618
11287,4.503051667,27.48169,206.3500902
11288,4.503373611,27.47975833,208.0781096
11289,4.503690556,27.47785667,207.3203875
11290,4.503936389,27.47638167,207.0020942
11291,4.504188333,27.47487,207.7599668
11292,4.504437222,27.47337667,210.4394498
11293,4.504687778,27.47187333,209.6070046
11294,4.505012778,27.46992333,208.3420433
11295,4.505330833,27.468015,210.9964529
11296,4.505579444,27.46652333,207.5105031
11297,4.505828611,27.46502833,200.4372555
11298,4.506076111,27.46354333,203.6980462
11299,4.506322222,27.46206667,205.4507571
11300,4.506645556,27.46012667,207.04118
11301,4.5069675,27.458195,210.7445045
11302,4.507220278,27.45667833,211.9093638
11303,4.507467222,27.45519667,213.6465654
11304,4.507716667,27.4537,210.5841433
11305,4.507966111,27.45220333,210.0451617
11306,4.5082875,27.450275,209.9761182
11307,4.508604444,27.44837333,214.3448744
11308,4.508853056,27.44688167,216.1353583
11309,4.509101111,27.44539333,219.1490464
11310,4.509350556,27.44389667,224.2540892
11311,4.509597222,27.44241667,221.247578
11312,4.509924167,27.440455,218.0988841
11313,4.510242222,27.43854667,222.5649561
11314,4.510488889,27.43706667,225.5714035
11315,4.510740278,27.43555833,223.4764516
11316,4.510993889,27.43403667,223.2261461
11317,4.511243611,27.43253833,230.530948
11318,4.511565278,27.43060833,237.3532189
11319,4.511883889,27.42869667,241.5069424
11320,4.512131667,27.42721,245.754233
11321,4.512380278,27.42571833,245.8925983
11322,4.512628889,27.42422667,241.530367
11323,4.512875833,27.422745,243.4271166
11324,4.513200833,27.420795,244.8516454
11325,4.513524167,27.418855,250.7830334
11326,4.513774722,27.41735167,251.622698
11327,4.514026111,27.41584333,251.399521
11328,4.514279722,27.41432167,253.1155949
11329,4.514531389,27.41281167,252.7181007
11330,4.514851944,27.41088833,252.5547238
11331,4.515167222,27.40899667,251.3087289
11332,4.515415833,27.407505,248.9129692
11333,4.515665556,27.40600667,247.9890579
11334,4.5159175,27.404495,247.88321
11335,4.516166944,27.40299833,246.5279528
11336,4.516485833,27.401085,245.4244981
11337,4.516799444,27.40079667,243.052878
11338,4.517048333,27.40229,240.1128432
11339,4.517296111,27.40377667,244.0425521
11340,4.517545833,27.405275,247.8689009
11341,4.517794167,27.406765,250.7061475
11342,4.518113056,27.40867833,252.857421
11343,4.518424722,27.41054833,258.8384001
11344,4.5186725,27.412035,263.2414825
11345,4.518918333,27.41351,263.0564033
11346,4.519164722,27.41498833,262.8138301
11347,4.519411667,27.41647,260.5629457
11348,4.519731389,27.41838833,257.4844723
11349,4.520045833,27.420275,260.0716848
11350,4.520293333,27.42176,259.2809317
11351,4.520543056,27.42325833,261.5884889
11352,4.520789444,27.42473667,267.7726977
11353,4.521037222,27.42622333,264.9964783
11354,4.521365278,27.42819167,262.6960908
11355,4.521683889,27.43010333,260.3701533
11356,4.521930556,27.43158333,260.769548
11357,4.522176667,27.43306,258.3880992
11358,4.522433056,27.43459833,266.4768513
11359,4.522681111,27.43608667,272.6906602
11360,4.523000833,27.438005,278.7001079
11361,4.523318889,27.43991333,281.4385822
11362,4.5235675,27.441405,284.1031129
11363,4.523821111,27.44292667,289.188211
11364,4.524068056,27.44440833,289.4409727
11365,4.52432,27.44592,288.2507078
11366,4.524645556,27.44787333,286.4295473
11367,4.524965,27.44979,290.3993552
11368,4.525213056,27.45127833,291.3737355
11369,4.525461389,27.45276833,288.1099705
11370,4.525714722,27.45428833,287.5563828
11371,4.525965556,27.45579333,289.505929
11372,4.526284444,27.45770667,291.6092576
11373,4.526599722,27.45959833,296.8779941
11374,4.5268475,27.461085,300.7997428
11375,4.527096111,27.46257667,297.677593
11376,4.527343889,27.46406333,299.1454543
11377,4.527591389,27.46554833,298.9896625
11378,4.527915833,27.467495,299.033287
11379,4.528231667,27.46939,299.7035351
11380,4.528477778,27.47086667,292.6204132
11381,4.528727222,27.47236333,290.678267
11382,4.528972222,27.47383333,290.6134652
11383,4.529219444,27.47531667,287.6623098
11384,4.529537778,27.47722667,284.0307066
11385,4.529850278,27.47910167,289.7505443
11386,4.530100833,27.480605,291.939661
11387,4.530348056,27.48208833,291.4397437
11388,4.530593889,27.48356333,287.2972268
11389,4.530841667,27.48505,287.2040251
11390,4.531160556,27.48696333,286.0696285
11391,4.531472778,27.48883667,288.536491
11392,4.531721667,27.49033,286.7219835
11393,4.531971111,27.49182667,283.0609149
11394,4.5322175,27.493305,284.3380807
11395,4.532467222,27.49480333,278.4892946
11396,4.532790833,27.496745,273.1312938
11397,4.533109444,27.49865667,272.1978533
11398,4.533362778,27.50053,268.564583
11399,4.533615833,27.505085,265.1798969
11400,4.533866389,27.509595,260.1633613
11401,4.534114722,27.514065,258.9947732
11402,4.534431667,27.51977,257.6794773
11403,4.534743333,27.52538,251.9473043
11404,4.534992778,27.52987,250.7910499
11405,4.535242222,27.53436,249.3750123
11406,4.535489722,27.538815,248.5523766
11407,4.535740278,27.543325,248.1686942
11408,4.536062778,27.54913,248.080431
11409,4.536379167,27.554825,245.3717816
11410,4.536625833,27.559265,244.0932749
11411,4.536873333,27.56372,242.7119766
11412,4.5371225,27.568205,245.5179784
11413,4.537372222,27.5727,245.4984214
11414,4.537694444,27.5785,244.7275954
11415,4.538012778,27.58423,248.1199461
11416,4.538258333,27.58865,247.5979198
11417,4.538504444,27.59308,239.0759997
11418,4.538751667,27.59753,239.1375974
11419,4.539001111,27.60202,240.5939059
11420,4.539316667,27.6077,241.5705057
11421,4.539631667,27.61337,242.5872475
11422,4.539886111,27.61795,243.8007767
11423,4.540134444,27.62242,241.7510018
11424,4.540381944,27.626875,241.460613
11425,4.540630278,27.631345,233.9175476
11426,4.540954722,27.637185,226.5172875
11427,4.541272222,27.6429,228.3638767
11428,4.541520278,27.647365,229.0842071
11429,4.541768889,27.65184,232.6443326
11430,4.542016667,27.6563,236.4869343
11431,4.542266944,27.660805,233.1410543
11432,4.542588611,27.666595,229.6284241
11433,4.542909167,27.672365,231.1952514
11434,4.543154444,27.67678,233.3482167
11435,4.543403611,27.681265,230.7715184
11436,4.543655833,27.685805,234.3804422
11437,4.543903611,27.690265,236.163375
11438,4.544221667,27.69599,237.8724302
11439,4.544537778,27.70168,244.7029753
11440,4.544785278,27.706135,247.3227784
11441,4.545034722,27.710625,248.9406812
11442,4.545281389,27.715065,245.8266917
11443,4.545528889,27.71952,246.4381793
11444,4.545846111,27.72523,246.6390658
11445,4.546161667,27.73091,248.6316635
11446,4.546411667,27.73541,246.0227042
11447,4.546660556,27.73989,247.7962573
11448,4.546906111,27.74431,248.5096878
11449,4.547154444,27.74878,246.1921305
11450,4.547480833,27.754655,243.3915644
11451,4.547798611,27.760375,242.3486787
11452,4.548046389,27.764835,237.9798041
11453,4.548295,27.76931,236.3231974
11454,4.548544444,27.7738,240.9225705
11455,4.548793611,27.778285,242.3678064
11456,4.549115833,27.784085,243.6695914
11457,4.54943,27.78974,242.6841365
11458,4.549680278,27.794245,244.3029105
11459,4.549929722,27.798735,249.2404352
11460,4.550177222,27.80212667,250.8173721
11461,4.550427778,27.80513333,255.7996756
11462,4.550750278,27.80900333,260.5221224
11463,4.551068889,27.81282667,260.2405046
11464,4.551319444,27.81583333,260.5380007
11465,4.55157,27.81884,260.2453116
11466,4.55182,27.82184,257.8444866
11467,4.552067778,27.82481333,259.1521758
11468,4.552387778,27.82865333,259.7525632
11469,4.552702778,27.83243333,262.2128676
11470,4.552948056,27.83537667,263.2104761
11471,4.553194444,27.83833333,261.9671832
11472,4.553444722,27.84133667,263.089682
11473,4.553691667,27.8443,261.404433
11474,4.554005833,27.84807,259.9157413
11475,4.55432,27.85184,257.2601645
11476,4.554571667,27.85486,257.3520231
11477,4.554821111,27.85785333,256.159546
11478,4.555073056,27.86087667,261.7976929
11479,4.5553225,27.86387,265.6900695
11480,4.555643333,27.86772,269.4093928
11481,4.555962222,27.87154667,272.4205366
11482,4.556209722,27.87451667,274.4117656
11483,4.556455833,27.87747,274.4820136
11484,4.556704444,27.88045333,278.3579078
11485,4.556951944,27.88342333,279.007098
11486,4.557270556,27.88724667,278.7469259
11487,4.557583889,27.89100667,278.1138916
11488,4.557832778,27.89399333,280.3322655
11489,4.558082222,27.89698667,278.1488025
11490,4.558332222,27.89998667,273.151278
11491,4.558580278,27.90296333,275.8288786
11492,4.558900556,27.90680667,278.7772718
11493,4.559214167,27.91057,284.2516825
11494,4.55946,27.91352,288.1407259
11495,4.559710556,27.91652667,288.2027164
11496,4.559960556,27.91952667,291.5140056
11497,4.5602075,27.92249,291.3948728
11498,4.560532778,27.92639333,291.3977445
11499,4.560854444,27.93025333,292.1764212
11500,4.561104444,27.93325333,288.6087684
11501,4.561351389,27.93621667,286.2113129
11502,4.561600278,27.93920333,287.7681585
11503,4.561845556,27.94214667,287.0636454
11504,4.562165556,27.94598667,286.3073693
11505,4.562481111,27.94977333,284.5279096
11506,4.562733333,27.9528,282.094703
11507,4.562984444,27.95581333,280.0150725
11508,4.563232222,27.95878667,277.4622522
11509,4.563480556,27.96176667,278.3809405
11510,4.563802222,27.96562667,278.1937884
11511,4.56412,27.96944,279.1511682
11512,4.564368333,27.97242,281.7804692
11513,4.564616389,27.97539667,285.4979513
11514,4.564863056,27.97835667,286.039456
11515,4.565110556,27.98132667,285.042292
11516,4.565426667,27.98512,284.1368012
11517,4.565741389,27.98889667,283.7226341
11518,4.565988611,27.99186333,281.4686249
11519,4.566236111,27.99483333,284.7129957
11520,4.5664875,27.99785,283.1582719
11521,4.566741389,27.99955167,286.0712169
11522,4.567062222,27.99762667,289.0661243
11523,4.567376944,27.99573833,285.3464123
11524,4.567624444,27.99425333,284.907555
11525,4.567871944,27.99276833,288.353064
11526,4.568118333,27.99129,290.0566965
11527,4.568366389,27.98980167,288.344044
11528,4.568685,27.98789,286.5294071
11529,4.568998611,27.98600833,288.4860799
11530,4.569245556,27.98452667,285.2791078
11531,4.569491389,27.98305167,286.1293134
11532,4.569739722,27.98156167,286.8014096
11533,4.56999,27.98006,289.0105663
11534,4.570316111,27.97810333,290.6113118
11535,4.570634167,27.976195,293.4077946
11536,4.570881667,27.97471,293.5885254
11537,4.571130278,27.97321833,292.570216
11538,4.571378889,27.97172667,292.9864161
11539,4.571626389,27.97024167,291.1070611
11540,4.571944722,27.96833167,288.6003875
11541,4.572259722,27.96644167,290.8730407
11542,4.572507222,27.96495667,293.4023287
11543,4.572757778,27.96345333,290.5579754
11544,4.573008056,27.96195167,290.2124129
11545,4.573257778,27.96045333,284.1540379
11546,4.573576389,27.95854167,277.9539676
11547,4.573891389,27.95665167,271.392831
11548,4.574139167,27.955165,269.0196376
11549,4.574386667,27.95368,268.7620852
11550,4.574633889,27.95219667,267.7221149
11551,4.574884722,27.95069167,265.8424703
11552,4.575201111,27.94879333,264.0495341
11553,4.575519167,27.946885,262.8740506
11554,4.575769444,27.94538333,264.5964267
11555,4.576018889,27.94388667,263.4128956
11556,4.576269167,27.942385,265.7549725
11557,4.576517778,27.94089333,265.5348617
11558,4.576838611,27.93896833,265.5933726
11559,4.577155833,27.937065,265.5428291
11560,4.577405,27.93557,268.1002129
11561,4.577658056,27.93405167,271.3052024
11562,4.577906389,27.93256167,273.982945
11563,4.578153611,27.93107833,279.1112613
11564,4.578474722,27.92915167,283.4646042
11565,4.578788333,27.92727,283.6040356
11566,4.579036944,27.92577833,286.2087972
11567,4.579286389,27.92428167,287.5462485
11568,4.579535833,27.922785,284.5207153
11569,4.579784167,27.921295,278.1119098
11570,4.580101667,27.91939,271.1312167
11571,4.580416389,27.91750167,271.8927317
11572,4.580668056,27.91599167,268.6152488
11573,4.580915556,27.91450667,267.3992744
11574,4.581166667,27.913,265.8893548
11575,4.581416111,27.91150333,265.7809558
11576,4.581731667,27.90961,265.8235042
11577,4.582045833,27.907725,267.8454192
11578,4.5822925,27.906245,271.3391857
11579,4.582546667,27.90472,274.8610028
11580,4.582794444,27.90323333,276.1765985
11581,4.583044722,27.90173167,280.6585334
11582,4.583366944,27.90040333,285.1338591
11583,4.583685278,27.90422333,283.1849953
11584,4.583933611,27.90720333,280.779993
11585,4.584184722,27.91021667,280.3390603
11586,4.584434167,27.91321,276.5513599
11587,4.584681111,27.91617333,279.3164459
11588,4.584999722,27.91999667,281.4377116
11589,4.585318056,27.92381667,277.2462711
11590,4.585565556,27.92678667,277.9316808
11591,4.585813056,27.92975667,275.0812532
11592,4.586060278,27.93272333,271.7551144
11593,4.586312222,27.93574667,268.3817994
11594,4.586634722,27.93961667,264.3626309
11595,4.586949167,27.94339,261.2920162
11596,4.5871975,27.94637,259.3274806
11597,4.587446111,27.94935333,258.8456268
11598,4.587695278,27.95234333,256.2637871
11599,4.587944167,27.95533,256.7011982
11600,4.588263889,27.95916667,257.2822216
11601,4.58858,27.96296,257.1531946
11602,4.588830556,27.96596667,257.785318
11603,4.589080833,27.96897,252.6693847
11604,4.589333056,27.97199667,255.9356464
11605,4.589586389,27.97503667,253.5025571
11606,4.589908611,27.97890333,250.2032165
11607,4.590225833,27.98271,243.3142524
11608,4.590476111,27.98571333,237.5632109
11609,4.590726667,27.98872,233.8675602
11610,4.590975278,27.99170333,227.5157303
11611,4.591223333,27.99468,221.6526328
11612,4.591539722,27.99847667,216.3127611
11613,4.591853889,28.00224667,214.7530834
11614,4.592098611,28.00518333,215.7480269
11615,4.592345556,28.00814667,215.8441226
11616,4.592591389,28.01109667,220.1945835
11617,4.5928375,28.01405,221.5035589
11618,4.593150556,28.01780667,222.4946444
11619,4.593464167,28.02157,224.2569476
11620,4.593713333,28.02456,224.4790923
11621,4.593963889,28.02756667,222.9184321
11622,4.594214167,28.03057,222.7915109
11623,4.594463611,28.03356333,220.3480701
11624,4.594783611,28.03740333,218.5665984
11625,4.595098611,28.04118333,218.2253592
11626,4.595348889,28.04418667,220.232791
11627,4.595596944,28.04716333,221.3735337
11628,4.595846111,28.05015333,221.2779527
11629,4.596093889,28.05312667,224.401628
11630,4.596416111,28.05699333,226.6716637
11631,4.596735278,28.06082333,225.2812224
11632,4.596985833,28.06383,227.0593343
11633,4.597236111,28.06683333,231.5610878
11634,4.597485278,28.06982333,230.0102456
11635,4.597732222,28.07278667,233.8999513
11636,4.5980475,28.07657,237.3121968
11637,4.598361667,28.08034,233.0851058
11638,4.598612778,28.08335333,229.176359
11639,4.598865278,28.08638333,233.3517474
11640,4.599115556,28.08938667,230.5703373
11641,4.599364167,28.09237,232.5439952
11642,4.599683056,28.09619667,234.4730856
11643,4.599997222,28.09996667,235.8863367
11644,4.600246667,28.10296,239.0449361
11645,4.600496111,28.10595333,241.7417467
11646,4.600741111,28.10889333,243.3500026
11647,4.600988611,28.11186333,244.5092577
11648,4.601305,28.11566,245.8193509
11649,4.601622778,28.11947333,247.3098553
11650,4.601874167,28.12249,247.310849
11651,4.602121667,28.12546,251.3260194
11652,4.60237,28.12844,253.1215868
11653,4.602619444,28.13143333,251.2424172
11654,4.602935278,28.13522333,248.5994486
11655,4.603248611,28.13898333,249.6955707
11656,4.603499444,28.14199333,251.7322885
11657,4.603748333,28.14498,250.9368417
11658,4.603999444,28.14799333,249.8803574
11659,4.604248889,28.15098667,249.0384289
11660,4.604568056,28.15481667,248.1746593
11661,4.604884722,28.15861667,249.3799233
11662,4.6051325,28.16159,251.1431641
11663,4.605381944,28.16458333,250.2113769
11664,4.605631389,28.16757667,252.6448055
11665,4.605874444,28.17049333,254.0564341
11666,4.606195278,28.17434333,255.1693445
11667,4.606516944,28.17820333,251.3296307
11668,4.606768056,28.18121667,252.7135867
11669,4.6070175,28.18421,251.1672358
11670,4.607266944,28.18720333,247.1763871
11671,4.607516389,28.19019667,249.7117041
11672,4.607835278,28.19402333,252.6617767
11673,4.608149722,28.19779667,254.2786838
11674,4.608402778,28.20083333,254.0174442
11675,4.608652222,28.20382667,255.5607203
11676,4.6089,28.2068,254.1488933
11677,4.609151944,28.20982333,254.5059205
11678,4.609471667,28.21366,254.8206527
11679,4.609786944,28.21744333,256.7635849
11680,4.610043889,28.22052667,257.5299347
11681,4.610295278,28.22354333,261.6289385
11682,4.6105475,28.22657,266.0267763
11683,4.610799444,28.22959333,272.1176102
11684,4.611118611,28.23342333,276.7508081
11685,4.611435833,28.23723,278.4700205
11686,4.611685,28.24022,283.3831072
11687,4.611936944,28.24324333,282.5930417
11688,4.612186667,28.24624,278.6301395
11689,4.612436944,28.24924333,274.4179628
11690,4.612753333,28.25304,270.5065519
11691,4.613064722,28.25677667,270.232815
11692,4.613312222,28.25974667,269.352916
11693,4.613562778,28.26275333,271.1547472
11694,4.613809167,28.26571,268.7993543
11695,4.614055278,28.26866333,265.5055248
11696,4.614372222,28.27246667,262.4599861
11697,4.614688333,28.27626,268.7891171
11698,4.614936389,28.27923667,270.5436802
11699,4.615185556,28.28222667,275.3286169
11700,4.615436111,28.28523333,279.4563418
11701,4.615685278,28.28822333,276.748541
11702,4.616007778,28.29209333,273.7713945
11703,4.616324722,28.29589667,272.1566774
11704,4.616576111,28.29891333,268.5501717
11705,4.616826389,28.302875,268.6612772
11706,4.617078056,28.307405,264.9345686
11707,4.617332778,28.31199,268.4178004
11708,4.617647222,28.31765,271.4448855
11709,4.617958611,28.323255,272.5408815
11710,4.618206389,28.327715,269.5146438
11711,4.618452222,28.33214,271.6788753
11712,4.618702778,28.33665,267.5919418
11713,4.618948611,28.341075,268.096183
11714,4.619263611,28.346745,268.4835431
11715,4.619576944,28.352385,267.3027924
11716,4.619828333,28.35691,266.4053019
11717,4.620077778,28.3614,268.1477795
11718,4.620327222,28.36589,266.0615355
11719,4.620582222,28.37048,265.3150646
11720,4.620899167,28.376185,264.3180024
11721,4.621215556,28.38188,267.4897895
11722,4.621463056,28.386335,265.4481673
11723,4.621710556,28.39079,264.4190585
11724,4.621962778,28.39533,266.3641922
11725,4.622210556,28.39979,264.6051732
11726,4.622529167,28.405525,261.9308559
11727,4.622844444,28.4112,256.4388322
11728,4.623095556,28.41572,249.6815893
11729,4.623346111,28.42023,246.6426393
11730,4.623598333,28.42477,242.4615217
11731,4.623848611,28.429275,235.9464452
11732,4.624169444,28.43505,229.7502039
11733,4.624483889,28.44071,230.1843001
11734,4.624733333,28.4452,230.1812783
11735,4.624983611,28.449705,229.3644759
11736,4.625233056,28.454195,230.6717648
11737,4.625483333,28.4587,232.397129
11738,4.625803889,28.46447,233.5008487
11739,4.626116667,28.4701,231.5375899
11740,4.626368889,28.47464,232.1379114
11741,4.626618333,28.47913,233.599758
11742,4.626865833,28.483585,235.4206321
11743,4.627115278,28.488075,238.2683474
11744,4.627428889,28.49372,241.0346558
11745,4.627736667,28.49926,245.7512477
11746,4.627986389,28.503755,255.5726676
11747,4.6282375,28.508275,262.7061741
11748,4.628490556,28.51283,263.1238548
11749,4.628741944,28.517355,267.1557449
11750,4.629060833,28.523095,271.3708152
11751,4.629375278,28.528755,272.9597043
11752,4.629623611,28.533225,275.3677299
11753,4.6298775,28.537795,276.7617803
11754,4.630131389,28.542365,274.917526
11755,4.630382222,28.54688,277.7415075
11756,4.630702778,28.55265,279.9130973
11757,4.631016111,28.55829,282.1994635
11758,4.631265556,28.56278,279.092142
11759,4.631521389,28.567385,281.1960089
11760,4.631774444,28.57194,281.3599914
11761,4.632026944,28.576485,279.0882657
11762,4.632349167,28.582285,276.8544571
11763,4.632664444,28.58796,276.7443564
11764,4.632913889,28.59245,279.4422812
11765,4.633168889,28.59704,279.6332771
11766,4.633420833,28.599475,274.9949175
11767,4.633669722,28.59798167,272.9897653
11768,4.63398,28.59612,270.6899487
11769,4.634291944,28.59424833,265.3507979
11770,4.634539444,28.59276333,266.0776873
11771,4.634791667,28.59125,264.1794186
11772,4.635043889,28.58973667,262.2344597
11773,4.635293333,28.58824,257.2084076
11774,4.635613333,28.58632,251.8472603
11775,4.635934167,28.584395,250.2196432
11776,4.636186944,28.58287833,251.6274303
11777,4.636438333,28.58137,248.114775
11778,4.636685278,28.57988833,247.4615635
11779,4.636936389,28.57838167,246.1385859
11780,4.637258889,28.57644667,244.9677484
11781,4.637575,28.57455,245.0713371
11782,4.6378225,28.573065,241.9813763
11783,4.638071111,28.57157333,237.6456887
11784,4.638317778,28.57009333,238.8135764
11785,4.638566667,28.5686,239.710533
11786,4.6388825,28.566705,239.7763386
11787,4.639199444,28.56480333,240.9412923
11788,4.639448333,28.56331,241.9024807
11789,4.639696389,28.56182167,238.9326354
11790,4.639943611,28.56033833,235.7016232
11791,4.640192778,28.55884333,240.4733581
11792,4.640508333,28.55695,245.6443346
11793,4.640819444,28.55508333,244.7835269
11794,4.641066389,28.55360167,239.0867466
11795,4.641313889,28.55211667,237.8567897
11796,4.641567222,28.55059667,235.8966824
11797,4.641820833,28.549075,239.7495295
11798,4.642140833,28.547155,243.1532881
11799,4.642455556,28.54526667,249.4048462
11800,4.642704722,28.54377167,248.0558706
11801,4.642954167,28.542275,252.8442205
11802,4.643208889,28.54074667,257.988307
11803,4.643463056,28.53922167,263.1753552
11804,4.643781111,28.53731333,267.5765427
11805,4.644094722,28.53543167,271.5471483
11806,4.644348333,28.53391,274.4085379
11807,4.644598056,28.53241167,272.7156123
11808,4.644851111,28.53089333,270.2924502
11809,4.645101389,28.52939167,268.2669106
11810,4.645419722,28.52748167,266.4612269
11811,4.645736667,28.52558,261.5642679
11812,4.645985,28.52409,261.2399635
11813,4.646233611,28.52259833,262.4324306
11814,4.646482778,28.52110333,265.0181611
11815,4.646733333,28.5196,263.8324631
11816,4.647049722,28.51770167,262.3611358
11817,4.647364167,28.515815,266.4169943
11818,4.647613056,28.51432167,268.6109441
11819,4.647863056,28.51282167,273.2840879
11820,4.648112222,28.51132667,277.7381527
11821,4.648361944,28.50982833,275.6332261
11822,4.648681389,28.50791167,273.2823415
11823,4.648993889,28.50603667,273.0123462
11824,4.649244444,28.50453333,269.0813613
11825,4.649495556,28.50302667,268.4902391
11826,4.649745278,28.50152833,268.0396521
11827,4.649995556,28.50002667,269.329802
11828,4.650313333,28.50376,270.5318661
11829,4.650626111,28.50751333,274.874404
11830,4.650877222,28.51052667,275.3915133
11831,4.651126667,28.51352,277.8813636
11832,4.651376111,28.51651333,273.9061815
11833,4.651624444,28.51949333,279.6630126
11834,4.651942778,28.52331333,285.0891794
11835,4.652263333,28.52716,287.9083082
11836,4.652515278,28.53018333,286.9806344
11837,4.652767778,28.53321333,286.8264168
11838,4.653016944,28.53620333,288.2413796
11839,4.653265833,28.53919,286.1818657
11840,4.653586389,28.54303667,283.36195
11841,4.653900833,28.54681,280.7203584
11842,4.654146389,28.54975667,278.6356536
11843,4.654395,28.55274,280.786447
11844,4.654644722,28.55573667,279.8666177
11845,4.654894167,28.55873,283.0442543
11846,4.655208333,28.5625,286.2438645
11847,4.655519722,28.56623667,285.3454306
11848,4.655771389,28.56925667,284.3149565
11849,4.6560225,28.57227,287.4376875
11850,4.656270833,28.57525,283.3506404
11851,4.656519722,28.57823667,279.0415456
11852,4.656839444,28.58207333,274.8969212
11853,4.657155833,28.58587,274.9452839
11854,4.657404167,28.58885,274.7065748
11855,4.657652778,28.59183333,273.3670672
11856,4.657905833,28.59487,270.1343232
11857,4.658156944,28.59788333,272.4089668
11858,4.658476944,28.60172333,274.2845553
11859,4.658791111,28.60549333,272.2702004
11860,4.65904,28.60848,273.1173446
11861,4.659289444,28.61147333,273.6363861
11862,4.659536667,28.61444,276.0834658
11863,4.659786111,28.61743333,281.2850041
11864,4.660105278,28.62126333,285.86458
11865,4.660415,28.62498,288.748609
11866,4.660661389,28.62793667,290.6987554
11867,4.6609075,28.63089,294.8446144
11868,4.661155278,28.63386333,294.5582173
11869,4.661403611,28.63684333,292.5029843
11870,4.661719722,28.64063667,291.114798
11871,4.662035556,28.64442667,292.9437349
11872,4.662287778,28.64745333,294.4454372
11873,4.662536667,28.65044,297.2679183
11874,4.662785,28.65342,299.3204806
11875,4.663036667,28.65644,297.7432418
11876,4.663355556,28.66026667,294.9867971
11877,4.663668611,28.66402333,300.874887
11878,4.6639175,28.66701,298.0526189
11879,4.664163056,28.66995667,300.1335681
11880,4.664408611,28.67290333,299.7283133
11881,4.664653611,28.67584333,299.1654362
11882,4.664975278,28.67970333,299.3310611
11883,4.665295,28.68354,305.7206121
11884,4.665543611,28.68652333,307.3492134
11885,4.665791389,28.68949667,311.6560449
11886,4.666041389,28.69249667,308.5759223
11887,4.666294722,28.69553667,309.0677654
11888,4.666613611,28.69936333,309.0211984
11889,4.666925278,28.69844833,308.2683917
11890,4.667173611,28.69695833,311.4645362
11891,4.667420556,28.69547667,310.8923883
11892,4.667668333,28.69399,310.6521543
11893,4.667916389,28.69250167,311.2280491
11894,4.668233611,28.69059833,311.5036013
11895,4.668546389,28.68872167,314.9078664
11896,4.668796389,28.68722167,315.5956028
11897,4.669044167,28.685735,313.8050292
11898,4.669294444,28.68423333,315.3348495
11899,4.669544167,28.682735,311.4196578
11900,4.669864167,28.680815,306.9300617
11901,4.670179167,28.678925,306.98719
11902,4.670426944,28.67743833,303.0808812
11903,4.670678056,28.67593167,300.6986268
11904,4.670929444,28.67442333,299.1431957
11905,4.671180556,28.67291667,297.6271942
11906,4.671499722,28.67100167,295.7750535
11907,4.671819167,28.669085,299.2762199
11908,4.672066111,28.66760333,296.1019388
11909,4.672313611,28.66611833,297.2187195
11910,4.672567778,28.66459333,296.4125999
11911,4.672820833,28.663075,291.719356
11912,4.673137778,28.66117333,287.199514
11913,4.673456111,28.65926333,285.2409152
11914,4.673710833,28.657735,283.6437527
11915,4.673961111,28.65623333,279.6945566
11916,4.674210556,28.65473667,279.552207
11917,4.67446,28.65324,283.2989156
11918,4.674778611,28.65132833,285.9417948
11919,4.675092222,28.64944667,286.1836387
11920,4.675341667,28.64795,284.8975504
11921,4.675590278,28.64645833,284.9087308
11922,4.675838611,28.64496833,287.7382508
11923,4.676087222,28.64347667,290.6575195
11924,4.676405278,28.64156833,294.1387959
11925,4.676719722,28.63968167,300.7737161
11926,4.676968056,28.63819167,303.686757
11927,4.677215556,28.63670667,302.8041276
11928,4.677464444,28.63521333,300.2382696
11929,4.677713611,28.63371833,302.4351994
11930,4.67803,28.63182,304.2912511
11931,4.678346944,28.62991833,300.0993136
11932,4.678596667,28.62842,300.5177658
11933,4.678841667,28.62695,298.9975999
11934,4.679092778,28.62544333,301.6356415
11935,4.679343889,28.62393667,301.9348244
11936,4.679659167,28.622045,301.7655893
11937,4.679969167,28.620185,302.3866083
11938,4.680216667,28.6187,303.1660878
11939,4.680467778,28.61719333,304.3763723
11940,4.680715278,28.61570833,305.945884
11941,4.680963333,28.61422,310.3693757
11942,4.681285556,28.61228667,314.0915089
11943,4.681600833,28.610395,315.4429891
11944,4.681851111,28.60889333,310.029921
11945,4.682103333,28.60738,306.6507629
11946,4.682356389,28.60586167,304.6824851
11947,4.682609444,28.60434333,302.6503564
11948,4.682920278,28.60247833,301.0997268
11949,4.683232778,28.60060333,303.3507528
11950,4.683483333,28.6018,305.7493422
11951,4.683731111,28.60477333,304.8340608
11952,4.683982222,28.60778667,306.7486739
11953,4.684233333,28.6108,305.8896431
11954,4.684549444,28.61459333,304.3289622
11955,4.68486,28.61832,307.9574491
11956,4.685105833,28.62127,308.9989506
11957,4.6853525,28.62423,310.9892702
11958,4.685603333,28.62724,315.3620775
11959,4.685851389,28.63021667,321.5720879
11960,4.686168611,28.63402333,327.4033757
11961,4.686483889,28.63780667,324.4494049
11962,4.686734444,28.64081333,327.4184222
11963,4.686984722,28.64381667,330.0278043
11964,4.687235833,28.64683,331.3310481
11965,4.687490278,28.64988333,333.7440078
11966,4.687810833,28.65373,335.5799186
11967,4.688125,28.6575,330.2411364
11968,4.68838,28.66056,326.4789118
11969,4.688630278,28.66356333,324.8656241
11970,4.688876389,28.66651667,319.3881593
11971,4.689122222,28.66946667,314.3850639
11972,4.689438056,28.67325667,309.4596704
11973,4.689754167,28.67705,308.3542247
11974,4.690004722,28.68005667,307.5839917
11975,4.690251944,28.68302333,307.4243319
11976,4.690499722,28.68599667,297.9153949
11977,4.690750278,28.68900333,298.0001991
11978,4.691072778,28.69287333,297.5165763
11979,4.691388889,28.69666667,296.7329487
11980,4.691641111,28.69969333,295.2951906
11981,4.691895278,28.70274333,291.2837378
11982,4.692145556,28.70574667,286.0981396
11983,4.692394167,28.70873,286.138348
11984,4.692711111,28.71253333,286.1125162
11985,4.693020556,28.71624667,288.704588
11986,4.693266667,28.7192,287.5278701
11987,4.693515833,28.72219,292.3337501
11988,4.693762778,28.72515333,293.4593472
11989,4.6940125,28.72815,288.1319876
11990,4.694330278,28.73196333,283.0900264
11991,4.694643889,28.73572667,280.8043633
11992,4.694889444,28.73867333,275.7284326
11993,4.695137222,28.74164667,271.1636083
11994,4.695386667,28.74464,278.9236388
11995,4.695637778,28.74765333,279.4480873
11996,4.695954722,28.75145667,279.3023074
11997,4.696267222,28.75520667,280.6609308
11998,4.696517778,28.75821333,277.9663334
11999,4.696767222,28.76120667,280.1197719
12000,4.697015,28.76418,278.1262341
12001,4.697264444,28.76717333,274.8127573
12002,4.6975825,28.77099,271.552629
12003,4.697897778,28.77477333,277.6067287
12004,4.69815,28.7778,277.8625958
12005,4.6984,28.7808,274.7152848
12006,4.698647778,28.78377333,270.9175081
12007,4.698894167,28.78673,276.3707757
12008,4.699204167,28.79045,281.3567413
12009,4.699509444,28.79411333,280.135818
12010,4.699754444,28.79705333,286.8124673
12011,4.700004444,28.80005333,287.6621372
12012,4.700253056,28.80303667,289.7341891
12013,4.700503611,28.80604333,288.2675557
12014,4.700817778,28.80981333,286.6340379
12015,4.701129444,28.81355333,291.7179009
12016,4.701379722,28.81655667,295.1427999
12017,4.701629167,28.81955,289.8881117
12018,4.701878611,28.82254333,289.7105144
12019,4.702133333,28.8256,282.9350999
12020,4.702453611,28.82944333,275.7337003
12021,4.702765,28.83318,273.3831845
12022,4.703010556,28.83612667,274.3102512
12023,4.703257778,28.83909333,274.4970639
12024,4.703506944,28.84208333,275.1555703
12025,4.703754722,28.84505667,275.5901135
12026,4.704073611,28.84888333,275.8914344
12027,4.704389722,28.85267667,277.8693306
12028,4.704641111,28.85569333,275.4211211
12029,4.704892222,28.85870667,275.323532
12030,4.705140556,28.86168667,277.1051602
12031,4.705392222,28.86470667,272.6063413
12032,4.705708056,28.86849667,268.0087237
12033,4.706016389,28.87219667,268.9794845
12034,4.706265278,28.87518333,276.070288
12035,4.706515,28.87818,272.4783742
12036,4.70677,28.88124,273.4714619
12037,4.707021111,28.88425333,280.1631617
12038,4.707342778,28.88811333,286.1648165
12039,4.70766,28.89192,286.7978527
12040,4.707908611,28.89490333,288.1701942
12041,4.708159444,28.89791333,287.2169021
12042,4.708408611,28.90090333,287.841151
12043,4.708658611,28.90390333,287.783564
12044,4.708976944,28.90772333,287.8738031
12045,4.709290278,28.91148333,292.1229132
12046,4.709539444,28.91447333,292.3559483
12047,4.709787778,28.91745333,290.4271983
12048,4.710037778,28.92045333,291.5244421
12049,4.710285,28.92342,292.579107
12050,4.710598611,28.92718333,293.3342506
12051,4.710913889,28.93096667,288.4109255
12052,4.7111625,28.93395,287.4718821
12053,4.711418056,28.93701667,280.9644122
12054,4.711667778,28.94001333,282.8661821
12055,4.711916111,28.94299333,284.6465941
12056,4.712236111,28.94683333,286.2874125
12057,4.712553889,28.95064667,288.3238371
12058,4.712804444,28.95365333,289.2149272
12059,4.713054722,28.95665667,284.7172457
12060,4.713303333,28.95964,276.9883348
12061,4.713552778,28.96263333,278.9361028
12062,4.713866944,28.96640333,280.7202385
12063,4.714177778,28.97013333,280.5780629
12064,4.714425556,28.97310667,274.7009965
12065,4.714671944,28.97606333,269.256452
12066,4.7149225,28.97907,263.1023886
12067,4.715176389,28.98211667,260.863872
12068,4.715489722,28.98587667,258.2240029
12069,4.715799444,28.98959333,254.7521306
12070,4.716045556,28.99254667,253.7695969
12071,4.7162975,28.99557,249.9475558
12072,4.716548056,28.99857667,249.5854258
12073,4.716796389,29,244.85384
12074,4.7171125,29,239.2696516
12075,4.717425,29,240.5016279
12076,4.7176725,29,243.1533265
12077,4.7179175,29,252.2869893
12078,4.718166944,29,254.5363847
12079,4.718416667,29,264.3079814
12080,4.718736111,29,273.9677926
12081,4.719047778,29,275.8999508
12082,4.719298333,29,282.6868044
12083,4.719549444,29,282.3513247
12084,4.719803611,29,280.4434333
12085,4.720055,29,280.951854
12086,4.720370278,29,281.066286
12087,4.720678333,29,277.3649957
12088,4.720923611,29,277.3377052
12089,4.721173333,29,275.2283511
12090,4.721421111,29,270.97252
12091,4.721671111,29,266.8007952
12092,4.721984444,29,262.668819
12093,4.722289167,29,265.6757019
12094,4.722534722,29,267.0950928
12095,4.722786111,29,270.1727006
12096,4.723037222,29,264.0177249
12097,4.723285556,29,263.6542589
12098,4.723598333,29,262.5396328
12099,4.723908333,29,268.114531
12100,4.724156389,29,267.6135485
12101,4.724407222,29,268.554908
12102,4.7246575,29,261.8573974
12103,4.724902222,29,262.8907192
12104,4.725216667,29,264.4097666
12105,4.725530833,29,272.8903917
12106,4.7257775,29,274.8967954
12107,4.726028056,29,280.081984
12108,4.726278333,29,285.1541307
12109,4.726529444,29,286.4694427
12110,4.7268475,29,287.2159672
12111,4.72716,29,288.0321811
12112,4.727405833,29,288.1741249
12113,4.727653333,29,280.2990589
12114,4.727901111,29,284.9307959
12115,4.728149722,29,291.3374598
12116,4.728468611,29,297.7788424
12117,4.728781944,29,302.286791
12118,4.729030833,29,303.7781749
12119,4.729283056,29,306.8293395
12120,4.729535833,29,307.6144204
12121,4.729784444,29,303.1442046
12122,4.730097778,29,298.4833518
12123,4.730408333,29,299.0316375
12124,4.7306525,29,302.1364524
12125,4.730899444,29,297.4129121
12126,4.731150278,29,292.2260289
12127,4.731398056,29,294.8428506
12128,4.7317125,29,296.5793175
12129,4.732023333,29,294.9182704
12130,4.732268889,29,299.5413382
12131,4.7325175,29,302.5231569
12132,4.732765278,29,302.4014559
12133,4.733012778,29,301.4441738
12134,4.7333325,29,300.7226675
12135,4.733648611,29.005675,301.2032639
12136,4.733899167,29.010185,306.0466989
12137,4.734151111,29.01472,299.483761
12138,4.734400556,29.01921,300.2557891
12139,4.734653889,29.02377,295.965528
12140,4.7349725,29.029505,291.2867817
12141,4.735285,29.03513,291.9498293
12142,4.735530833,29.039555,292.0580618
12143,4.735779444,29.04403,290.2547232
12144,4.736030556,29.04855,291.8884857
12145,4.736281111,29.05306,294.5147531
12146,4.736595556,29.05872,297.0823194
12147,4.736910556,29.06439,296.3211449
12148,4.737159444,29.06887,294.2701051
12149,4.737407778,29.07334,291.8731196
12150,4.737658056,29.077845,289.6454001
12151,4.737906389,29.082315,287.9898436
12152,4.738224444,29.08804,285.8045248
12153,4.73854,29.09372,284.7740076
12154,4.738789167,29.098205,291.2558832
12155,4.739037222,29.10267,287.371436
12156,4.739283611,29.107105,283.8115113
12157,4.739534167,29.111615,294.2849708
12158,4.739855556,29.1174,304.9928024
12159,4.740171111,29.12308,307.4809614
12160,4.740417778,29.12752,312.237371
12161,4.740667222,29.13201,316.0802933
12162,4.740919167,29.136545,318.7193508
12163,4.741169722,29.141055,315.8682947
12164,4.741480556,29.14665,312.3756017
12165,4.741788056,29.152185,312.1273427
12166,4.742035556,29.15664,315.1040782
12167,4.742284167,29.161115,315.8770914
12168,4.742534444,29.16562,314.4017181
12169,4.742783611,29.170105,307.4038002
12170,4.743094722,29.175705,300.0735899
12171,4.743405556,29.1813,296.4347262
12172,4.743656667,29.18582,292.9399582
12173,4.743906389,29.190315,286.8451341
12174,4.7441575,29.194835,287.0348686
12175,4.744408889,29.19936,288.3387522
12176,4.744728611,29.205115,289.7655965
12177,4.745043056,29.210775,293.9492175
12178,4.7452925,29.215265,296.5247731
12179,4.7455425,29.219765,290.0830762
12180,4.745792222,29.22426,281.5396166
12181,4.746041389,29.228745,280.3311577
12182,4.746358056,29.234445,278.9206338
12183,4.746675556,29.24016,279.2802297
12184,4.746923333,29.24462,274.5367078
12185,4.747175,29.24915,269.2220059
12186,4.747428056,29.253705,267.794088
12187,4.747676667,29.25818,269.147342
12188,4.7479925,29.263865,270.3698027
12189,4.748306111,29.26951,265.9616472
12190,4.748558333,29.27405,269.3502379
12191,4.748809444,29.27857,268.4147967
12192,4.749058056,29.283045,264.8102145
12193,4.749302222,29.28744,264.3034203
12194,4.749620833,29.293175,262.9898026
12195,4.749936389,29.298855,263.519045
12196,4.750188056,29.29887167,263.5393763
12197,4.7504375,29.297375,266.7682395
12198,4.750684167,29.295895,264.9023299
12199,4.750935833,29.294385,266.656083
12200,4.751251944,29.29248833,268.0892985
12201,4.751569722,29.29058167,266.5936402
12202,4.751816667,29.2891,268.3141581
12203,4.752065278,29.28760833,265.8511903
12204,4.752314444,29.28611333,260.9433494
12205,4.752559722,29.28464167,256.5067459
12206,4.752872222,29.28276667,252.1931501
12207,4.753178889,29.28092667,252.1758634
12208,4.753429444,29.27942333,247.9526402
12209,4.753680556,29.27791667,246.1836961
12210,4.753932778,29.27640333,243.7626054
12211,4.754183056,29.27490167,239.6795495
12212,4.754501111,29.27299333,235.647052
12213,4.754814444,29.27111333,235.3297354
12214,4.755063056,29.26962167,238.3265021
12215,4.755308889,29.26814667,241.287062
12216,4.75556,29.26664,242.8335793
12217,4.755806944,29.26515833,241.9072618
12218,4.756123056,29.26326167,240.2600285
12219,4.756433611,29.26139833,246.9864009
12220,4.756681389,29.25991167,250.0636053
12221,4.7569325,29.258405,257.4201605
12222,4.757181944,29.25690833,258.3629206
12223,4.757430556,29.25541667,259.0789957
12224,4.757744167,29.253535,259.8084108
12225,4.758054722,29.25167167,266.1143949
12226,4.758300278,29.25019833,261.3495122
12227,4.758548889,29.24870667,260.3219805
12228,4.758798611,29.24720833,259.5533377
12229,4.759048056,29.24571167,265.7569531
12230,4.759364722,29.24381167,271.6073831
12231,4.759677222,29.24193667,273.7583739
12232,4.759926111,29.24044333,275.9585422
12233,4.760177222,29.23893667,273.2746529
12234,4.760423889,29.23745667,275.2480004
12235,4.760674167,29.235955,279.1914001
12236,4.760988611,29.23406833,282.9693454
12237,4.761300278,29.23219833,287.0575654
12238,4.76155,29.2307,287.1798681
12239,4.761797222,29.22921667,288.9713969
12240,4.762045833,29.227725,286.2505375
12241,4.762293611,29.22623833,284.9566761
12242,4.762611389,29.22433167,283.0416189
12243,4.762926111,29.22244333,281.7204861
12244,4.763176111,29.22094333,282.4497799
12245,4.763423889,29.21945667,283.0410388
12246,4.763673333,29.21796,280.0647884
12247,4.763923889,29.21645667,280.4110351
12248,4.764244167,29.214535,280.5238392
12249,4.764556111,29.21266333,280.5361846
12250,4.764804444,29.21117333,282.0947631
12251,4.7650575,29.209655,284.8520157
12252,4.765308611,29.20814833,289.0804928
12253,4.765563056,29.20662167,290.3871631
12254,4.765878889,29.20472667,291.8078512
12255,4.766188889,29.20286667,292.9950474
12256,4.766435556,29.20138667,294.2527188
12257,4.766685833,29.200115,291.6170097
12258,4.766935278,29.20161167,291.6965435
12259,4.767182778,29.20309667,292.3673209
12260,4.767499722,29.20499833,292.2644928
12261,4.767812222,29.20687333,295.4454613
12262,4.768058333,29.20835,294.1845367
12263,4.768305,29.20983,294.7894062
12264,4.768551667,29.21131,297.577277
12265,4.768801944,29.21281167,303.6372372
12266,4.769122222,29.21473333,309.9643153
12267,4.769437222,29.21662333,311.9435437
12268,4.7696875,29.218125,313.036905
12269,4.769934444,29.21960667,318.6645207
12270,4.770183611,29.22110167,316.1780185
12271,4.770430278,29.22258167,315.8597191
12272,4.770748333,29.22449,314.7817014
12273,4.771064444,29.22638667,316.4531808
12274,4.771311389,29.22786833,321.9406107
12275,4.771562222,29.22937333,317.0912045
12276,4.771813889,29.23088333,315.6895306
12277,4.772065,29.23239,321.9987105
12278,4.7723775,29.234265,328.5213145
12279,4.77269,29.23614,329.2098429
12280,4.772938611,29.23763167,330.7746992
12281,4.773187222,29.23912333,333.9839613
12282,4.773435556,29.24061333,334.2566081
12283,4.773684167,29.242105,331.6103576
12284,4.774000556,29.24400333,328.2015497
12285,4.774314444,29.24588667,331.8977887
12286,4.774563333,29.24738,331.7541205
12287,4.774813611,29.24888167,331.3341282
12288,4.775065556,29.25039333,328.476028
12289,4.775317778,29.25190667,322.2738904
12290,4.775635833,29.253815,315.6513681
12291,4.775949444,29.25569667,315.763828
12292,4.776195278,29.25717167,310.524417
12293,4.776441111,29.25864667,306.5670063
12294,4.776694167,29.260165,304.9860194
12295,4.776945278,29.26167167,303.7067022
12296,4.777259444,29.26355667,302.3836751
12297,4.777570278,29.26542167,302.0864289
12298,4.777819722,29.26691833,301.2705457
12299,4.778066389,29.26839833,302.0661354
12300,4.778316667,29.2699,300.4805532
12301,4.778565556,29.27139333,295.6125478
12302,4.778885278,29.27331167,289.9943939
12303,4.779196667,29.27518,291.3974042
12304,4.779444444,29.27666667,289.079622
12305,4.779694167,29.278165,286.5131508
12306,4.779945278,29.27967167,285.8276349
12307,4.780191944,29.28115167,286.3353385
12308,4.780507222,29.28304333,287.7038701
12309,4.780820556,29.28492333,291.1731851
12310,4.781071667,29.28643,299.1901499
12311,4.781319722,29.28791833,300.1237966
12312,4.781570556,29.28942333,301.3096082
12313,4.781819167,29.290915,302.7776635
12314,4.782140278,29.29284167,304.1574765
12315,4.782455278,29.29473167,308.2296005
12316,4.782703889,29.29622333,312.6529518
12317,4.782953056,29.29771833,316.2413385
12318,4.783202778,29.29921667,315.7497326
12319,4.783455556,29.3,315.9584986
12320,4.783774444,29.3,315.4721134
12321,4.7840875,29.3,313.332405
12322,4.784335833,29.3,313.1281565
12323,4.784585833,29.3,309.8864271
12324,4.784832778,29.3,309.0767419
12325,4.785080556,29.3,306.3991862
12326,4.785402222,29.3,303.4980029
12327,4.785712778,29.3,305.3832945
12328,4.785960556,29.3,298.835526
12329,4.786207222,29.3,293.7952747
12330,4.786457222,29.3,290.839778
12331,4.786704167,29.3,287.6870352
12332,4.787021111,29.3,284.6138399
12333,4.787335556,29.3,282.7241525
12334,4.787582222,29.3,288.0017094
12335,4.787830833,29.3,290.738528
12336,4.788078333,29.3,292.5696307
12337,4.788326667,29.3,290.3644348
12338,4.788641389,29.3,287.449595
12339,4.788956389,29.3,291.1280537
12340,4.789205278,29.3,295.9435203
12341,4.789453333,29.3,298.8830071
12342,4.7897075,29.3,299.9761159
12343,4.789955278,29.3,302.0055404
12344,4.790272222,29.3,303.418753
12345,4.790583056,29.3,308.2539485
12346,4.790830556,29.3,302.4889499
12347,4.791076667,29.3,301.1794853
12348,4.791325278,29.3,295.9995244
12349,4.791575278,29.3,299.1195719
12350,4.791895833,29.3,302.5617836
12351,4.792209444,29.3,300.8073164
12352,4.792456389,29.3,298.5781976
12353,4.792705833,29.3,297.2017054
12354,4.792955,29.3,296.6811557
12355,4.793205556,29.3,299.7380293
12356,4.793524167,29.3,302.1028731
12357,4.793838056,29.3,304.927793
12358,4.794091667,29.3,307.2948692
12359,4.794343056,29.3,308.51751
12360,4.794592778,29.3,304.858214
12361,4.794839167,29.3,306.311955
12362,4.795150833,29.3,306.6453359
12363,4.795457222,29.3,308.2658777
12364,4.7957075,29.3,308.8960849
12365,4.795957778,29.3,307.3796839
12366,4.796208611,29.3,307.9851166
12367,4.796459167,29.3,307.2766235
12368,4.796772778,29.3,306.8230232
12369,4.797083611,29.3,304.9349427
12370,4.79733,29.3,306.8009437
12371,4.7975775,29.3,308.0363513
12372,4.797825278,29.3,315.8102603
12373,4.798076389,29.3,314.1552248
12374,4.798391667,29.3,312.9909917
12375,4.798704444,29.3,317.5843765
12376,4.798951944,29.3,316.3655227
12377,4.799199722,29.3,311.6451274
12378,4.799447222,29.3,310.3503464
12379,4.799693889,29.3,306.8321061
12380,4.800011667,29.30014,302.1300106
12381,4.800320556,29.30384667,301.5350643
12382,4.800570278,29.30684333,298.2473639
12383,4.800815278,29.30978333,297.4736429
12384,4.801062778,29.31275333,297.1574041
12385,4.801309444,29.31571333,298.8692154
12386,4.801624722,29.31949667,301.1293575
12387,4.801937222,29.32324667,296.8266272
12388,4.802183889,29.32620667,299.175974
12389,4.802433611,29.32920333,299.0152243
12390,4.802685278,29.33222333,296.8146158
12391,4.802933889,29.33520667,300.0505719
12392,4.803251111,29.33901333,302.6703879
12393,4.803563333,29.34276,306.878764
12394,4.803809722,29.34571667,308.3880087
12395,4.804058611,29.34870333,298.6126061
12396,4.804305556,29.35166667,300.1917946
12397,4.804555278,29.35466333,301.004633
12398,4.804865833,29.35839,301.6436216
12399,4.805176111,29.36211333,308.5275915
12400,4.805425,29.3651,310.7451138
12401,4.805672778,29.36807333,311.9767471
12402,4.805923611,29.37108333,307.358142
12403,4.8061725,29.37407,307.3367492
12404,4.806484722,29.37781667,307.0788927
12405,4.806796667,29.38156,313.3742006
12406,4.807041389,29.38449667,310.2378659
12407,4.807289722,29.38747667,307.0568085
12408,4.8075375,29.39045,310.3012155
12409,4.807784444,29.39341333,309.3410545
12410,4.808096667,29.39716,308.0903257
12411,4.808404444,29.40085333,309.976194
12412,4.808655,29.40386,309.6508988
12413,4.808905278,29.40686333,306.1562652
12414,4.809153056,29.40983667,303.0851896
12415,4.809400556,29.41280667,299.3839131
12416,4.809714167,29.41657,295.097594
12417,4.810024444,29.42029333,294.2597151
12418,4.810275278,29.42330333,292.4270133
12419,4.810524722,29.42629667,298.006795
12420,4.810776111,29.42931333,297.8321118
12421,4.811025278,29.43230333,291.0287972
12422,4.8113425,29.43611,283.7595406
12423,4.811658611,29.43990333,284.7083764
12424,4.811906944,29.44288333,286.8909596
12425,4.812156667,29.44588,287.1875115
12426,4.812405833,29.44887,283.9402523
12427,4.812656389,29.45187667,278.1453713
12428,4.812973333,29.45568,272.3026183
12429,4.813286111,29.45943333,272.4117201
12430,4.813534167,29.46241,270.4883471
12431,4.813780833,29.46537,270.7827819
12432,4.8140275,29.46833,267.7358089
12433,4.814279167,29.47135,267.9614693
12434,4.814591389,29.47509667,268.7558546
12435,4.814903056,29.47883667,274.9778149
12436,4.81515,29.4818,279.3759492
12437,4.815395833,29.48475,284.8203773
12438,4.815645278,29.48774333,283.8798114
12439,4.815893611,29.49072333,280.6827069
12440,4.816204167,29.49445,276.4068543
12441,4.816516944,29.49820333,277.1208854
12442,4.816769167,29.500615,278.6378894
12443,4.817020278,29.50212167,277.3937625
12444,4.817268889,29.50361333,279.4520571
12445,4.817515556,29.50509333,280.4751936
12446,4.817831667,29.50699,281.4964557
12447,4.818144167,29.508865,283.0084036
12448,4.818389167,29.510335,283.6469051
12449,4.818635833,29.511815,280.4104104
12450,4.818884444,29.51330667,276.1683683
12451,4.819132222,29.51479333,274.9736363
12452,4.819450833,29.516705,273.4118811
12453,4.819766944,29.51860167,274.5982955
12454,4.820014722,29.52008833,278.3207701
12455,4.820266111,29.52159667,279.6463207
12456,4.820514444,29.52308667,279.1912421
12457,4.820763889,29.52458333,277.5632744
12458,4.821082222,29.52649333,275.4488115
12459,4.821395278,29.52837167,276.6813619
12460,4.821641944,29.52985167,281.0579583
12461,4.821890556,29.53134333,278.6021317
12462,4.822135556,29.53281333,279.7286232
12463,4.822380556,29.53428333,279.2832288
12464,4.8226975,29.536185,278.3551027
12465,4.823010833,29.538065,281.3166053
12466,4.8232575,29.539545,282.6630362
12467,4.823506667,29.54104,286.883007
12468,4.823753611,29.54252167,286.1307321
12469,4.823998611,29.54399167,288.8210009
12470,4.824313056,29.54587833,292.0709927
12471,4.824624444,29.54774667,293.7645298
12472,4.824871944,29.54923167,296.5186905
12473,4.825118611,29.55071167,297.8847843
12474,4.825363611,29.55218167,295.1434936
12475,4.825608889,29.55365333,293.6012456
12476,4.825920278,29.55552167,291.9031795
12477,4.82623,29.55738,291.7082469
12478,4.826479444,29.55887667,296.759924
12479,4.826726389,29.56035833,296.9524913
12480,4.826971111,29.56182667,295.0317244
12481,4.827217778,29.56330667,298.5110176
12482,4.827531111,29.56518667,301.1605905
12483,4.8278425,29.567055,302.7580309
12484,4.828093889,29.56856333,304.4588909
12485,4.828341667,29.57005,305.4446353
12486,4.828588333,29.57153,306.7899391
12487,4.828835278,29.57301167,305.9842384
12488,4.829147222,29.57488333,305.3214651
12489,4.829457222,29.57674333,308.333719
12490,4.829705,29.57823,312.0361105
12491,4.829954444,29.57972667,321.7716095
12492,4.830203611,29.58122167,329.9590546
12493,4.830451389,29.58270833,331.0326201
12494,4.830764722,29.58458833,332.1468729
12495,4.831075278,29.58645167,340.0952162
12496,4.831323056,29.58793833,342.2728557
12497,4.831570833,29.589425,336.6183674
12498,4.831818611,29.59091167,334.1503774
12499,4.832067778,29.59240667,329.6439333
12500,4.832383889,29.59430333,323.7382345
12501,4.832695556,29.59617333,320.9255836
12502,4.8329425,29.597655,316.9381132
12503,4.833190556,29.59914333,318.0280812
12504,4.8334375,29.600625,313.7158897
12505,4.833682222,29.60209333,308.5213951
12506,4.833996944,29.60398167,303.5137655
12507,4.834311389,29.60586833,300.8449188
12508,4.834564167,29.607385,300.1242721
12509,4.834817222,29.60890333,294.3190675
12510,4.835066111,29.61039667,288.7271019
12511,4.835316111,29.61189667,289.1549643
12512,4.835633056,29.61379833,289.8819427
12513,4.8359475,29.615685,291.0163606
12514,4.836195833,29.617175,283.3709023
12515,4.836443889,29.61866333,280.7692624
12516,4.836693333,29.62016,280.605236
12517,4.836938889,29.62163333,279.0113518
12518,4.837250556,29.62350333,276.1854009
12519,4.837561944,29.62537167,281.6711428
12520,4.837812778,29.62687667,283.3080507
12521,4.838063611,29.62838167,283.807107
12522,4.838316667,29.6299,281.0942101
12523,4.838566111,29.63139667,279.4524451
12524,4.838879722,29.63327833,277.9113052
12525,4.839189722,29.63513833,278.8507064
12526,4.839439167,29.636635,279.783089
12527,4.839685,29.63811,278.7647834
12528,4.839940556,29.63964333,281.0623247
12529,4.8401975,29.641185,277.5166192
12530,4.840519722,29.64311833,274.2565976
12531,4.840832222,29.64499333,279.7745806
12532,4.841078333,29.64647,283.1847418
12533,4.841325833,29.647955,284.1151601
12534,4.841574444,29.64944667,280.6257454
12535,4.841823056,29.65093833,278.2238105
12536,4.842142778,29.65285667,274.9650845
12537,4.842458056,29.65474833,277.1310569
12538,4.8427075,29.656245,275.4852914
12539,4.842955278,29.65773167,274.9472204
12540,4.843202778,29.65921667,272.0385198
12541,4.843454722,29.66072833,270.4098762
12542,4.843766389,29.66259833,268.6847076
12543,4.844077778,29.66446667,267.839478
12544,4.8443275,29.665965,269.855017
12545,4.844578611,29.66747167,272.7196817
12546,4.844828333,29.66897,272.1563366
12547,4.845078611,29.67047167,268.6689298
12548,4.8453975,29.672385,264.3029649
12549,4.845711667,29.67427,262.0768551
12550,4.845959722,29.67575833,258.4123893
12551,4.846206944,29.67724167,257.9512038
12552,4.846455556,29.67873333,253.4720217
12553,4.846702222,29.68021333,252.8647102
12554,4.847017778,29.68210667,252.6861154
12555,4.847331944,29.68399167,257.0565516
12556,4.847580278,29.68548167,261.9231622
12557,4.84783,29.68698,264.0649544
12558,4.848082778,29.68849667,265.2266392
12559,4.848329722,29.68997833,259.6765475
12560,4.848643056,29.69185833,253.8359656
12561,4.848952222,29.69371333,254.5023364
12562,4.849198056,29.69518833,251.6957208
12563,4.849446111,29.69667667,254.4267636
12564,4.849693889,29.69816333,258.2966172
12565,4.849942778,29.69965667,258.5331319
12566,4.850256667,29.70308,258.6430717
12567,4.850568333,29.70682,259.8598733
12568,4.850815833,29.70979,259.9397595
12569,4.851063333,29.71276,257.0797182
12570,4.851312222,29.71574667,254.4006692
12571,4.851560833,29.71873,254.2764497
12572,4.8518725,29.72247,253.9892278
12573,4.852181389,29.72617667,255.5123634
12574,4.852427778,29.72913333,258.2337004
12575,4.852673889,29.73208667,262.5619833
12576,4.852921389,29.73505667,261.5426588
12577,4.853171389,29.73805667,261.8527736
12578,4.853483056,29.74179667,261.5753497
12579,4.853792778,29.74551333,263.4599686
12580,4.8540425,29.74851,265.4431336
12581,4.854292778,29.75151333,266.5497357
12582,4.854541389,29.75449667,269.3604637
12583,4.8547925,29.75751,268.7218813
12584,4.8551125,29.76135,267.537359
12585,4.855424167,29.76509,272.935244
12586,4.855669722,29.76803667,278.5819132
12587,4.855919167,29.77103,284.7830831
12588,4.856167778,29.77401333,288.9735802
12589,4.856416944,29.77700333,294.1432441
12590,4.85673,29.78076,299.5239813
12591,4.857041389,29.78449667,305.0373192
12592,4.857288889,29.78746667,311.6714884
12593,4.857536667,29.79044,317.4517435
12594,4.857784167,29.79341,318.6168428
12595,4.858036389,29.79643667,315.5731421
12596,4.858356111,29.80027333,312.4187894
12597,4.858668889,29.80402667,312.4695608
12598,4.858915556,29.80698667,317.8638298
12599,4.859165833,29.80999,321.4710348
12600,4.859415278,29.81298333,317.9410869
12601,4.85967,29.81604,321.7939534
12602,4.859986944,29.81984333,325.0003521
12603,4.860299722,29.82359667,328.573664
12604,4.860549444,29.82659333,327.3786055
12605,4.860797778,29.82957333,327.5429704
12606,4.861048056,29.83257667,325.3357442
12607,4.861295833,29.83555,326.0990813
12608,4.861611667,29.83934,327.141466
12609,4.861918889,29.84302667,329.8083475
12610,4.862164722,29.84597667,334.4103343
12611,4.8624125,29.84895,341.6132893
12612,4.862659167,29.85191,347.3888798
12613,4.862907778,29.85489333,349.7825054
12614,4.863225278,29.85870333,351.1929346
12615,4.863540556,29.86248667,355.9618494
12616,4.863785833,29.86543,357.116575
12617,4.864033611,29.86840333,359.2938502
12618,4.864279167,29.87135,359.5286221
12619,4.864526667,29.87432,359.5658128
12620,4.864845,29.87814,359.0220541
12621,4.865157222,29.88188667,358.0566403
12622,4.865403056,29.88483667,358.2714362
12623,4.865648889,29.88778667,360.3709102
12624,4.865898056,29.89077667,357.670648
12625,4.866145556,29.89374667,352.6377673
12626,4.866461944,29.89754333,347.4438357
12627,4.866775278,29.90065167,353.0246438
12628,4.867023333,29.90214,349.8108601
12629,4.8672725,29.903635,348.5277514
12630,4.867521111,29.90512667,347.5446026
12631,4.867768611,29.90661167,346.9786697
12632,4.868084722,29.90850833,347.5167764
12633,4.868400833,29.910405,345.6491137
12634,4.868650278,29.91190167,344.0375549
12635,4.868898889,29.91339333,345.6298094
12636,4.869149444,29.91489667,346.8601473
12637,4.869397778,29.91638667,347.1952008
12638,4.869709167,29.918255,345.8916107
12639,4.870018333,29.92011,344.684339
12640,4.870263056,29.92157833,342.3705526
12641,4.870508056,29.92304833,344.5224223
12642,4.870755833,29.924535,344.8777545
12643,4.871006667,29.92604,341.2980328
12644,4.871321389,29.92792833,337.411255
12645,4.871631111,29.92978667,339.0892501
12646,4.871878889,29.93127333,346.6126159
12647,4.872123889,29.93274333,348.7882049
12648,4.872371944,29.93423167,349.5362983
12649,4.872617222,29.93570333,345.0696329
12650,4.872930556,29.93758333,341.0767418
12651,4.873246389,29.93947833,346.5613476
12652,4.873497778,29.94098667,346.1358726
12653,4.873748333,29.94249,347.8402965
12654,4.873996944,29.94398167,343.734245
12655,4.874245278,29.94547167,343.2176259
12656,4.874558889,29.94735333,342.013987
12657,4.874873333,29.94924,342.8788822
12658,4.875122778,29.95073667,343.0914235
12659,4.875371944,29.95223167,335.7228499
12660,4.875618889,29.95371333,331.7484788
12661,4.875865278,29.95519167,330.4158997
12662,4.876181389,29.95708833,328.4626734
12663,4.876492222,29.95895333,325.6910369
12664,4.876741389,29.96044833,326.1150049
12665,4.876989167,29.961935,328.2841763
12666,4.877239722,29.96343833,331.0050917
12667,4.87749,29.96494,330.9310382
12668,4.877803333,29.96682,330.3332549
12669,4.878116944,29.96870167,327.806244
12670,4.878364722,29.97018833,328.4933023
12671,4.878613611,29.97168167,325.8384599
12672,4.878860833,29.973165,326.6134448
12673,4.879111111,29.97466667,322.3220101
12674,4.879423333,29.97654,318.2150323
12675,4.879733056,29.97839833,319.841511
12676,4.87998,29.97988,322.1098079
12677,4.880225556,29.98135333,323.3383159
12678,4.880473333,29.98284,325.2985012
12679,4.880721111,29.98432667,326.5018591
12680,4.881031667,29.98619,327.5562045
12681,4.881338056,29.98802833,323.7298196
12682,4.881584722,29.98950833,320.9618848
12683,4.88183,29.99098,316.7853088
12684,4.882075278,29.99245167,319.9939463
12685,4.882320833,29.993925,316.2449067
12686,4.882634444,29.99580667,311.8477878
12687,4.882947778,29.99768667,310.5760175
12688,4.883194722,29.99916833,311.6165046
12689,4.883444167,30.000665,306.5236744
12690,4.883693333,30.00216,307.807174
12691,4.883943889,30.00366333,307.8018102
12692,4.884256944,30.00554167,308.1630728
12693,4.884565278,30.00739167,309.3744925
12694,4.884816389,30.00889833,310.7272686
12695,4.885069167,30.010415,315.0939461
12696,4.885317222,30.01190333,313.1698029
12697,4.885563611,30.01338167,314.5151113
12698,4.885875278,30.01525167,314.9077239
12699,4.886184167,30.017105,314.6114731
12700,4.8864325,30.018595,307.6989698
12701,4.886683056,30.02009833,310.5974909
12702,4.886930556,30.02158333,306.9701068
12703,4.887176667,30.02306,297.6488272
12704,4.887488056,30.02492833,287.7331915
12705,4.887794167,30.026765,289.8428046
12706,4.8880425,30.028255,295.1027799
12707,4.888289722,30.02973833,297.6363406
12708,4.88854,30.03124,299.7229883
12709,4.888793611,30.03276167,304.9200774
12710,4.889111944,30.03467167,310.0845887
12711,4.889426389,30.03655833,314.5389487
12712,4.889676667,30.03806,315.5416485
12713,4.889925,30.03955,315.4023654
12714,4.890173611,30.04104167,315.8605312
12715,4.890423333,30.04254,314.9187962
12716,4.890744444,30.04446667,313.7881315
12717,4.891059167,30.046355,317.6808084
12718,4.891307778,30.04784667,317.9043485
12719,4.891555278,30.04933167,320.4539127
12720,4.891803056,30.05081833,316.1539046
12721,4.892054167,30.052325,317.9294742
12722,4.8923675,30.054205,318.930638
12723,4.892675556,30.05605333,326.8823109
12724,4.892923889,30.05754333,323.9457031
12725,4.89317,30.05902,320.0539858
12726,4.893419167,30.060515,320.2220914
12727,4.893666111,30.06199667,320.5261147
12728,4.893978611,30.06387167,321.2124679
12729,4.894285556,30.06571333,321.2416072
12730,4.894533056,30.06719833,321.4952705
12731,4.894784167,30.068705,316.5525795
12732,4.895032778,30.07019667,313.503708
12733,4.895281389,30.07168833,313.0834487
12734,4.895598333,30.07359,311.750936
12735,4.895905556,30.07543333,313.5283436
12736,4.896149722,30.07689833,313.6023904
12737,4.896397222,30.07838333,315.9900874
12738,4.896645833,30.079875,317.280107
12739,4.896896944,30.08138167,317.0238833
12740,4.897215556,30.08329333,316.8261508
12741,4.897524444,30.08514667,320.1256263
12742,4.897773333,30.08664,322.5454827
12743,4.898020833,30.088125,326.0120582
12744,4.898269167,30.089615,324.1705471
12745,4.898515278,30.09109167,320.7071507
12746,4.898827778,30.09296667,317.1653907
12747,4.899136667,30.09482,319.0990823
12748,4.899381389,30.09628833,317.4038508
12749,4.899632778,30.09779667,317.76588
12750,4.899881944,30.09929167,318.3034484
12751,4.900129722,30.10077833,315.4437612
12752,4.900447778,30.10268667,312.6076611
12753,4.900759444,30.10455667,310.0322517
12754,4.901006667,30.10604,311.2986996
12755,4.901257222,30.10754333,306.009901
12756,4.901505833,30.109035,305.5171187
12757,4.901750833,30.110505,302.3432042
12758,4.902066111,30.11239667,298.3829978
12759,4.902377778,30.11426667,293.5225996
12760,4.902626111,30.11575667,290.3403956
12761,4.902872778,30.11723667,293.4403973
12762,4.903121389,30.11872833,292.4444836
12763,4.903371111,30.12022667,288.5257767
12764,4.903688611,30.12213167,284.2696791
12765,4.904005278,30.12403167,285.3497898
12766,4.904250833,30.125505,292.0460548
12767,4.904501111,30.12700667,295.7990155
12768,4.904748611,30.12849167,295.0352292
12769,4.904997222,30.12998333,292.9859964
12770,4.905308889,30.13185333,291.4058004
12771,4.905616667,30.1337,294.5727132
12772,4.905864444,30.13518667,293.5019393
12773,4.9061175,30.136705,294.4835314
12774,4.906366944,30.13820167,289.0389355
12775,4.9066125,30.139675,288.8403754
12776,4.906921667,30.14153,287.769925
12777,4.907229444,30.14337667,288.3686699
12778,4.907475556,30.14485333,290.0809518
12779,4.907726389,30.14635833,287.9582626
12780,4.907975278,30.14785167,286.7041926
12781,4.908223889,30.14934333,286.6764648
12782,4.908532778,30.15119667,285.8019109
12783,4.908839722,30.15303833,290.3468861
12784,4.909086944,30.15452167,290.1110868
12785,4.909334167,30.156005,290.5324395
12786,4.909581667,30.15749,289.3334479
12787,4.909832778,30.15899667,288.9966624
12788,4.910146111,30.16087667,289.2237797
12789,4.910456111,30.16273667,289.2262239
12790,4.910704722,30.16422833,290.838745
12791,4.910952222,30.16571333,294.7304436
12792,4.9112025,30.167215,298.4547698
12793,4.91145,30.1687,296.166959
12794,4.911771667,30.17063,293.6116994
12795,4.912083056,30.17249833,296.3095196
12796,4.91233,30.17398,299.4294319
12797,4.912578889,30.17547333,297.7178285
12798,4.912826111,30.17695667,297.6919127
12799,4.913075833,30.178455,301.7268112
12800,4.913390833,30.180345,305.2816194
12801,4.913701389,30.18220833,301.433
12802,4.913951944,30.18371167,303.2996379
12803,4.914198611,30.18519167,299.9556382
12804,4.914446111,30.18667667,302.7258854
12805,4.914696667,30.18818,298.8908961
12806,4.915012222,30.19007333,293.8684341
12807,4.9153225,30.191935,291.1435432
12808,4.915571111,30.19342667,295.4322711
12809,4.915818056,30.19490833,291.8576725
12810,4.916066389,30.19639833,289.2330602
12811,4.916315,30.19789,288.0800383
12812,4.916634722,30.19980833,287.4538364
12813,4.9169475,30.201685,293.1175505
12814,4.917198611,30.20319167,298.2397097
12815,4.917448611,30.20469167,299.545282
12816,4.9176975,30.206185,301.1074777
12817,4.917945833,30.207675,302.2351936
12818,4.918258333,30.20955,302.8238887
12819,4.918569167,30.211415,304.7349249
12820,4.918815,30.21289,302.8266421
12821,4.91906,30.21436,306.3912553
12822,4.919312778,30.21587667,303.3196074
12823,4.919563333,30.21738,296.1889687
12824,4.919878611,30.21927167,288.817288
12825,4.920187222,30.22112333,290.5399675
12826,4.920433889,30.22260333,292.723316
12827,4.92068,30.22408,293.4455868
12828,4.92093,30.22558,287.5488023
12829,4.921175278,30.22705167,292.278022
12830,4.921486389,30.22891833,297.1198705
12831,4.921794722,30.23076833,303.1758532
12832,4.922041389,30.23224833,303.0471899
12833,4.922290556,30.23374333,300.7466704
12834,4.922536667,30.23522,295.3316771
12835,4.922785,30.23671,291.9070499
12836,4.923095,30.23857,288.3810872
12837,4.923404444,30.24042667,294.2758442
12838,4.923651389,30.24190833,294.5557556
12839,4.923901944,30.24341167,294.7297916
12840,4.924150278,30.24490167,296.7856096
12841,4.924396111,30.24637667,298.5063868
12842,4.924705,30.24823,299.2346692
12843,4.925016389,30.25009833,304.2533765
12844,4.925264722,30.25158833,305.0128466
12845,4.925511111,30.25306667,303.6170837
12846,4.925762778,30.25457667,305.0307839
12847,4.926011667,30.25607,303.9527571
12848,4.926324167,30.257945,302.4999947
12849,4.926637222,30.25982333,303.8769167
12850,4.926887222,30.26132333,299.7479934
12851,4.927138056,30.26282833,299.8553177
12852,4.927385,30.26431,293.5738935
12853,4.927632778,30.26579667,293.3073337
12854,4.927946111,30.26767667,293.4868065
12855,4.928257222,30.26954333,294.9281642
12856,4.928506111,30.27103667,296.7960815
12857,4.928753611,30.27252167,299.4729471
12858,4.929001389,30.27400833,298.0712827
12859,4.929250833,30.275505,296.2198196
12860,4.929568056,30.27740833,293.6859848
12861,4.929880278,30.27928167,294.8034162
12862,4.930130833,30.280785,295.2674803
12863,4.93038,30.28228,297.3726585
12864,4.930627778,30.28376667,293.603561
12865,4.930875278,30.28525167,292.5888098
12866,4.931191389,30.28714833,291.4380922
12867,4.931505278,30.28903167,293.5267573
12868,4.931755278,30.29053167,297.3719159
12869,4.932003889,30.29202333,297.5876812
12870,4.9322525,30.293515,297.7913449
12871,4.932501667,30.29501,299.320434
12872,4.932814444,30.29688667,300.2090135
12873,4.933123333,30.29874,305.375932
12874,4.933370833,30.30045,308.1610938
12875,4.933618333,30.30342,302.0542481
12876,4.9338625,30.30635,303.8850637
12877,4.934108056,30.30929667,303.6900692
12878,4.934421389,30.31305667,303.4142441
12879,4.934730556,30.31676667,304.7093803
12880,4.934976944,30.31972333,305.1598818
12881,4.935223056,30.32267667,305.0292461
12882,4.935468889,30.32562667,303.9167575
12883,4.935717222,30.32860667,301.8771148
12884,4.936031667,30.33238,299.7434367
12885,4.936342222,30.33610667,302.0147567
12886,4.936589722,30.33907667,307.072643
12887,4.936838333,30.34206,311.8032497
12888,4.937088889,30.34506667,311.1904816
12889,4.937339167,30.34807,308.5931698
12890,4.937650556,30.35180667,305.9932113
12891,4.937958611,30.35550333,307.7636264
12892,4.938204444,30.35845333,306.3268328
12893,4.938451389,30.36141667,307.9717617
12894,4.938699167,30.36439,305.80602
12895,4.938948333,30.36738,307.3684133
12896,4.939261667,30.37114,307.6428505
12897,4.9395725,30.37487,307.3151162
12898,4.93982,30.37784,302.2261895
12899,4.940066667,30.3808,302.8187567
12900,4.940316111,30.38379333,301.2065123
12901,4.940564722,30.38677667,303.2525378
12902,4.94088,30.39056,305.0192931
12903,4.941190556,30.39428667,310.6324551
12904,4.941441944,30.39730333,311.777263
12905,4.941692222,30.40030667,312.0635449
12906,4.941942778,30.40331333,306.5902301
12907,4.942193333,30.40632,300.6964866
12908,4.942511944,30.41014333,295.2087262
12909,4.942821944,30.41386333,298.6073221
12910,4.943069167,30.41683,299.2889297
12911,4.943316944,30.41980333,306.6860994
12912,4.943563611,30.42276333,310.1471784
12913,4.943813056,30.42575667,308.511098
12914,4.944126389,30.42951667,306.1110371
12915,4.944438056,30.43325667,309.5438953
12916,4.9446875,30.43625,314.1046285
12917,4.944938889,30.43926667,310.6943705
12918,4.945187222,30.44224667,310.9046934
12919,4.9454375,30.44525,311.1520361
12920,4.945753611,30.44904333,311.2988127
12921,4.946066389,30.45279667,311.8036121
12922,4.946314722,30.45577667,312.1674771
12923,4.946562778,30.45875333,310.8680861
12924,4.946811111,30.46173333,311.5099904
12925,4.947060556,30.46472667,308.1796527
12926,4.947373056,30.46847667,303.7424174
12927,4.947683611,30.47220333,303.5993967
12928,4.947929444,30.47515333,308.7223244
12929,4.948177778,30.47813333,310.9725149
12930,4.948426667,30.48112,309.2296455
12931,4.948674444,30.48409333,306.0751835
12932,4.948993333,30.48792,302.583148
12933,4.949308056,30.49169667,305.4903146
12934,4.949557778,30.49469333,308.7102042
12935,4.949805556,30.49766667,307.282577
12936,4.950055,30.50033,312.1008446
12937,4.950302778,30.50181667,308.6367315
12938,4.950618889,30.50371333,305.4962035
12939,4.950934722,30.50560833,308.1179839
12940,4.951180556,30.50708333,312.8732813
12941,4.951425278,30.50855167,314.0046692
12942,4.951672222,30.51003333,314.7709374
12943,4.951918611,30.51151167,317.5159562
12944,4.952230556,30.51338333,319.6518335
12945,4.952542778,30.51525667,323.4148997
12946,4.952788889,30.51673333,325.5303187
12947,4.953038333,30.51823,326.3865849
12948,4.953288611,30.51973167,325.0451178
12949,4.953537222,30.52122333,326.0585601
12950,4.953853889,30.52312333,326.8333139
12951,4.954166667,30.525,332.7739491
12952,4.954416944,30.52650167,334.391456
12953,4.954665556,30.52799333,334.5714297
12954,4.954912222,30.52947333,330.3517248
12955,4.955159167,30.530955,328.7232407
12956,4.955473333,30.53284,327.1639093
12957,4.955783056,30.53469833,327.6291938
12958,4.956026944,30.53616167,329.607387
12959,4.956273889,30.53764333,329.6050639
12960,4.956520278,30.53912167,332.212745
12961,4.956767222,30.54060333,336.4149706
12962,4.957083333,30.5425,340.4846838
12963,4.957399444,30.54439667,345.2563192
12964,4.957646944,30.54588167,346.8435006
12965,4.957893056,30.54735833,347.4124284
12966,4.9581425,30.548855,346.2899369
12967,4.958390833,30.550345,345.1865895
12968,4.958703611,30.55222167,342.1082759
12969,4.959014167,30.554085,339.8042243
12970,4.959260556,30.55556333,336.5377547
12971,4.959509444,30.55705667,335.1850025
12972,4.959759722,30.55855833,331.9185269
12973,4.96001,30.56006,330.5642768
12974,4.960326111,30.56195667,330.220861
12975,4.960640556,30.56384333,330.7249118
12976,4.960888056,30.56532833,332.0338149
12977,4.961138333,30.56683,329.6117201
12978,4.9613925,30.568355,327.4604046
12979,4.961641944,30.56985167,325.9462142
12980,4.961959167,30.571755,323.6231638
12981,4.962274444,30.57364667,322.958618
12982,4.962524722,30.57514833,322.4109599
12983,4.962776944,30.57666167,319.4764479
12984,4.963026111,30.57815667,316.3752794
12985,4.963274167,30.579645,317.4337354
12986,4.9635875,30.581525,318.1611357
12987,4.963898889,30.58339333,320.4072128
12988,4.964149167,30.584895,323.5122457
12989,4.964397778,30.58638667,321.2544958
12990,4.964648333,30.58789,317.031703
12991,4.964897778,30.58938667,317.5142552
12992,4.965214167,30.591285,317.7265697
12993,4.965522778,30.59313667,321.6534391
12994,4.965771389,30.59462833,324.6963631
12995,4.966020556,30.59612333,320.4362535
12996,4.96627,30.59762,323.2726727
12997,4.966517778,30.59910667,322.3147193
12998,4.966836389,30.60101833,321.4185375
12999,4.967151111,30.60290667,324.2226316
13000,4.9673975,30.604385,322.9113758
13001,4.967646944,30.60588167,315.3494494
13002,4.967893056,30.60735833,311.3371561
13003,4.968141667,30.60885,309.3017267
13004,4.968456667,30.61074,307.1680005
13005,4.968770278,30.61262167,310.4022119
13006,4.969016944,30.61410167,310.6325098
13007,4.969263611,30.61558167,313.6364474
13008,4.969510278,30.61706167,312.459663
13009,4.969759444,30.61855667,307.4116544
13010,4.970075278,30.62045167,302.6027537
13011,4.970384444,30.62230667,306.377313
13012,4.970633056,30.62379833,309.7217651
13013,4.970880833,30.625285,310.296569
13014,4.971131944,30.62679167,309.3769067
13015,4.971384167,30.628305,313.1495136
13016,4.971696111,30.63017667,315.9481982
13017,4.972007222,30.63204333,316.8779232
13018,4.972255833,30.633535,313.7852502
13019,4.972503611,30.63502167,313.3009732
13020,4.972750278,30.63650167,313.9565139
13021,4.972997778,30.63798667,317.9494932
13022,4.973312222,30.63987333,322.3289054
13023,4.973621111,30.64172667,326.3755808
13024,4.973867778,30.64320667,333.1935593
13025,4.974115556,30.64469333,340.0652419
13026,4.974363333,30.64618,343.6377089
13027,4.974608056,30.64764833,337.6703003
13028,4.974921667,30.64953,331.1759903
13029,4.975231944,30.65139167,335.3591667
13030,4.975480556,30.65288333,331.7003423
13031,4.975729444,30.65437667,336.5760028
13032,4.975980278,30.65588167,338.9642933
13033,4.9762275,30.657365,335.0695078
13034,4.976537778,30.65922667,330.3188371
13035,4.976846667,30.66108,330.9721503
13036,4.977096944,30.66258167,330.1323716
13037,4.977344722,30.66406833,329.2628614
13038,4.977591389,30.66554833,326.4282094
13039,4.977837222,30.66702333,325.7936941
13040,4.978153333,30.66892,326.2549673
13041,4.978465833,30.670795,329.7720811
13042,4.9787125,30.672275,331.4881719
13043,4.9789575,30.673745,330.5481146
13044,4.979205278,30.67523167,330.5911337
13045,4.979454444,30.67672667,329.6735108
13046,4.979770833,30.678625,328.1526793
13047,4.980083056,30.68049833,331.8971312
13048,4.98033,30.68198,339.4541619
13049,4.980575833,30.683455,341.2952064
13050,4.980825278,30.68495167,346.2328587
13051,4.981074722,30.68644833,348.2918553
13052,4.981392778,30.68835667,350.2327018
13053,4.981707778,30.69024667,353.9779292
13054,4.981959167,30.691755,355.0802626
13055,4.982210556,30.69326333,353.6851289
13056,4.982457222,30.69474333,356.2734054
13057,4.982703889,30.69622333,354.0848168
13058,4.983018889,30.69811333,351.3524225
13059,4.983333333,30.7,353.3542005
13060,4.983580278,30.70148167,354.7874274
13061,4.983830556,30.70298333,355.145076
13062,4.984077778,30.70446667,354.5834227
13063,4.984327778,30.70596667,355.1960429
13064,4.984643889,30.70786333,354.1681962
13065,4.984954167,30.709725,353.5199809
13066,4.985206667,30.71124,356.4086298
13067,4.985456667,30.71274,356.4055891
13068,4.985703611,30.71422167,356.7769863
13069,4.985953889,30.71572333,351.3306019
13070,4.9862675,30.717605,346.0057379
13071,4.986579722,30.71947833,349.8029991
13072,4.986831111,30.72098667,353.2717516
13073,4.9870825,30.722495,351.2611045
13074,4.987334444,30.72400667,352.3672988
13075,4.987585833,30.725515,354.2455571
13076,4.987906944,30.72744167,356.4197213
13077,4.988223056,30.72933833,357.9395598
13078,4.988476111,30.73085667,357.0750924
13079,4.988726111,30.73235667,356.6061207
13080,4.988975833,30.733855,350.9761349
13081,4.989225278,30.73535167,349.7627669
13082,4.989538889,30.73723333,348.5294753
13083,4.9898475,30.739085,351.5904708
13084,4.990094444,30.74056667,351.4243417
13085,4.990344444,30.74206667,354.3873435
13086,4.990593333,30.74356,353.9004333
13087,4.990844167,30.745065,357.9815774
13088,4.991156667,30.74694,360.4784608
13089,4.991462778,30.74877667,357.145225
13090,4.991710556,30.75026333,356.8042119
13091,4.991958889,30.75175333,351.4099372
13092,4.992205556,30.75323333,351.9827965
13093,4.992454167,30.754725,351.7181237
13094,4.992766944,30.75660167,351.6266981
13095,4.993076667,30.75846,357.0831266
13096,4.993320556,30.75992333,358.7233078
13097,4.993568333,30.76141,352.8715992
13098,4.993819444,30.76291667,351.5307084
13099,4.994070833,30.764425,349.2459603
13100,4.994388611,30.76633167,346.2265266
13101,4.994701111,30.76820667,347.6580321
13102,4.994948056,30.76968833,347.3530931
13103,4.995193889,30.77116333,349.0246456
13104,4.995439444,30.77263667,350.5303817
13105,4.995688333,30.77413,349.4087099
13106,4.9960025,30.776015,348.0334114
13107,4.996310556,30.77786333,349.6273302
13108,4.996556944,30.77934167,350.9980851
13109,4.996805833,30.780835,349.6909395
13110,4.997054167,30.782325,344.1098536
13111,4.997301944,30.78381167,340.3315872
13112,4.997616111,30.78569667,336.0910237
13113,4.997926944,30.78756167,339.2136311
13114,4.998175556,30.78905333,337.2670752
13115,4.998422222,30.79053333,335.837671
13116,4.998669722,30.79201833,332.8514292
13117,4.998919167,30.793515,329.0882512
13118,4.9992325,30.795395,325.0756319
13119,4.999538611,30.79723167,322.843452
13120,4.999786944,30.79872167,323.2080017
13121,5.0000375,30.800225,316.6272543
13122,5.000286944,30.80172167,309.0130421
13123,5.000536111,30.80321667,305.4804244
13124,5.000856111,30.80513667,301.7461261
13125,5.001175,30.80705,302.0770376
13126,5.001429444,30.80857667,298.1089107
13127,5.001677778,30.81006667,294.3738223
13128,5.001925278,30.81155167,290.266997
13129,5.002173889,30.81304333,286.14609
13130,5.002487222,30.81492333,282.3685879
13131,5.002795278,30.81677167,284.1837892
13132,5.00304,30.81824,287.920595
13133,5.003287778,30.81972667,288.0125073
13134,5.003534444,30.82120667,283.7434623
13135,5.003779167,30.822675,284.1271479
13136,5.004090556,30.82454333,283.7221885
13137,5.004397778,30.82638667,279.4980726
13138,5.004641944,30.82785167,282.0452801
13139,5.004893056,30.82935833,282.0067932
13140,5.005139722,30.83083833,280.6000379
13141,5.005387222,30.83232333,278.1433348
13142,5.005699167,30.834195,276.1257486
13143,5.006007778,30.83604667,274.443007
13144,5.006257222,30.83754333,274.9646994
13145,5.006506667,30.83904,280.3694605
13146,5.006751667,30.84051,281.9890315
13147,5.006998611,30.84199167,281.1226948
13148,5.007310278,30.84386167,279.1103891
13149,5.007620556,30.84572333,279.790075
13150,5.007868889,30.84721333,275.5299782
13151,5.008116944,30.84870167,275.4610088
13152,5.008364444,30.85018667,271.3183947
13153,5.008614722,30.85168833,266.9221289
13154,5.0089275,30.853565,262.1808709
13155,5.009238889,30.85543333,259.2445845
13156,5.009485833,30.856915,259.0530502
13157,5.009731389,30.85838833,259.0534172
13158,5.009979167,30.859875,255.386348
13159,5.010228611,30.86137167,255.1188451
13160,5.010540278,30.86324167,256.035543
13161,5.010846944,30.86508167,263.5315691
13162,5.011098333,30.86659,267.1424795
13163,5.011348056,30.86808833,266.4101323
13164,5.011594722,30.86956833,265.4968972
13165,5.011843333,30.87106,262.6290696
13166,5.012155278,30.87293167,259.1768763
13167,5.0124625,30.874775,264.8048697
13168,5.012711111,30.87626667,264.6923218
13169,5.012963333,30.87778,265.1216726
13170,5.013213889,30.87928333,267.2922923
13171,5.013462222,30.88077333,268.8201849
13172,5.013776667,30.88266,270.827247
13173,5.0140925,30.884555,273.6753973
13174,5.014343056,30.88605833,278.2323123
13175,5.014596111,30.88757667,277.9405528
13176,5.014844444,30.88906667,278.7663734
13177,5.015090556,30.89054333,278.6208783
13178,5.015406389,30.89243833,277.2238419
13179,5.015720833,30.894325,280.4213302
13180,5.015967778,30.89580667,284.0789825
13181,5.016216111,30.89729667,285.8214681
13182,5.016463056,30.89877833,286.2736009
13183,5.016708056,30.90024833,286.7397658
13184,5.017024722,30.90214833,286.5856678
13185,5.0173375,30.904025,288.4812337
13186,5.017585278,30.90551167,287.4428996
13187,5.017831667,30.90699,285.1288245
13188,5.018079167,30.908475,282.8593324
13189,5.018326944,30.90996167,276.5830448
13190,5.018643056,30.91185833,270.0568773
13191,5.018956667,30.91374,271.7828517
13192,5.019206944,30.91524167,275.8162325
13193,5.019457222,30.91674333,274.4914495
13194,5.019709444,30.91825667,272.1566916
13195,5.019955278,30.91973167,275.1870273
13196,5.020265278,30.92159167,278.6064046
13197,5.020575556,30.92345333,287.011189
13198,5.020821667,30.92493,289.1165034
13199,5.021069167,30.926415,291.2319426
13200,5.021317778,30.92790667,284.4971918
13201,5.021566389,30.92939833,279.7526306
13202,5.021882222,30.93129333,274.2282417
13203,5.0221975,30.933185,278.9949891
13204,5.022447778,30.93468667,281.8569862
13205,5.022697222,30.93618333,286.8911038
13206,5.022945278,30.93767167,287.8899647
13207,5.023197222,30.93918333,291.9388405
13208,5.023517778,30.94110667,295.4385224
13209,5.023828611,30.94297167,297.1872967
13210,5.024076389,30.94445833,301.6059617
13211,5.024325556,30.94595333,301.7412095
13212,5.024574167,30.947445,304.656192
13213,5.024821944,30.94893167,304.24495
13214,5.025139722,30.95083833,303.825044
13215,5.025451111,30.95270667,308.8125623
13216,5.025699722,30.95419833,309.9837828
13217,5.025954722,30.95572833,309.4420725
13218,5.0262025,30.957215,313.7487051
13219,5.026449444,30.95869667,315.4727823
13220,5.02676,30.96056,317.2600471
13221,5.027066111,30.96239667,318.0967268
13222,5.027313889,30.96388333,318.4358146
13223,5.027562222,30.96537333,318.0939224
13224,5.027811667,30.96687,321.6122617
13225,5.028062778,30.96837667,321.5138464
13226,5.028378889,30.97027333,320.9180191
13227,5.028688889,30.97213333,324.1218587
13228,5.028938889,30.97363333,323.8915226
13229,5.029188333,30.97513,326.238251
13230,5.029436944,30.97662167,326.1197125
13231,5.029684167,30.978105,327.6246473
13232,5.03,30.98,328.6134373
13233,5.030313333,30.98188,334.7883655
13234,5.030560278,30.98336167,338.8871737
13235,5.030810556,30.98486333,343.9587643
13236,5.031056389,30.98633833,340.7728984
13237,5.031303889,30.98782333,335.7297711
13238,5.031619444,30.98971667,330.6570112
13239,5.031931667,30.99159,332.6838713
13240,5.032178333,30.99307,331.8726763
13241,5.032427222,30.99456333,331.7148968
13242,5.032676389,30.99605833,330.4111192
13243,5.032921389,30.99752833,332.3157532
13244,5.033236389,30.99941833,333.9790985
13245,5.033549167,31.00259,335.9924258
13246,5.0338,31.0056,338.9022016
13247,5.034049444,31.00859333,342.1443502
13248,5.034298056,31.01157667,344.0594077
13249,5.034546944,31.01456333,349.4230914
13250,5.034860833,31.01833,354.6294081
13251,5.035170833,31.02205,361.3122592
13252,5.035419444,31.02503333,364.9560575
13253,5.035664167,31.02797,372.0735899
13254,5.035911111,31.03093333,371.2458797
13255,5.036159722,31.03391667,372.7912138
13256,5.036476667,31.03772,373.7163575
13257,5.0367875,31.04145,370.7325751
13258,5.037035,31.04442,375.4424216
13259,5.037279722,31.04735667,375.4421802
13260,5.037528333,31.05034,371.5957284
13261,5.037777778,31.05333333,370.8168387
13262,5.038087778,31.05705333,369.6072592
13263,5.038392778,31.06071333,370.7082891
13264,5.038641944,31.06370333,369.9871371
13265,5.038888611,31.06666333,373.274141
13266,5.039135556,31.06962667,367.0974099
13267,5.039381667,31.07258,366.5300073
13268,5.039701111,31.07641333,365.1873808
13269,5.040015556,31.08018667,366.7007502
13270,5.040265,31.08318,369.0210689
13271,5.040513611,31.08616333,366.6600872
13272,5.040761944,31.08914333,365.365888
13273,5.041009444,31.09211333,368.9745446
13274,5.041322222,31.09586667,371.9541955
13275,5.041628611,31.09954333,373.4315486
13276,5.041874167,31.10249,378.3628052
13277,5.042123611,31.10548333,377.5253714
13278,5.042378611,31.10854333,376.1292387
13279,5.042628889,31.11154667,374.6584724
13280,5.042947778,31.11537333,373.1419716
13281,5.04326,31.11912,382.1773616
13282,5.043507778,31.12209333,379.2092577
13283,5.043756389,31.12507667,378.2344785
13284,5.044008611,31.12810333,374.0659365
13285,5.044258056,31.13109667,372.370533
13286,5.044573611,31.13488333,369.9479804
13287,5.044886944,31.13864333,373.5757402
13288,5.045139722,31.14167667,367.7000267
13289,5.045386389,31.14463667,369.9845081
13290,5.045632222,31.14758667,369.7836094
13291,5.045880833,31.15057,371.1739975
13292,5.0462025,31.15443,372.0228992
13293,5.046515833,31.15819,372.259664
13294,5.046763611,31.16116333,373.3230412
13295,5.047010278,31.16412333,370.7488514
13296,5.047257778,31.16709333,367.0067759
13297,5.047506389,31.17007667,365.6122913
13298,5.047817778,31.17381333,364.2718683
13299,5.048125833,31.17751,365.0975701
13300,5.048371111,31.18045333,369.9263464
13301,5.048622222,31.18346667,371.31307
13302,5.048871389,31.18645667,375.4739092
13303,5.049118333,31.18942,371.1493938
13304,5.049425556,31.19310667,366.3093086
13305,5.049734167,31.19681,371.7649272
13306,5.049984444,31.19981333,369.031283
13307,5.050231111,31.2,365.4371992
13308,5.050478611,31.2,361.8828254
13309,5.050728333,31.2,353.3533505
13310,5.05104,31.2,344.4769567
13311,5.051349444,31.2,340.4310989
13312,5.051598056,31.2,341.4515527
13313,5.051845,31.2,340.2731753
13314,5.052095278,31.2,338.7266811
13315,5.052342778,31.2,338.4421596
13316,5.052655278,31.2,338.8765688
13317,5.052965,31.2,343.2687872
13318,5.053211944,31.2,346.3642928
13319,5.053456667,31.2,345.6336161
13320,5.053703333,31.2,342.4856985
13321,5.053950833,31.2,340.193896
13322,5.054264167,31.2,337.1923382
13323,5.054576111,31.2,343.3608959
13324,5.054828056,31.2,344.8364538
13325,5.055076667,31.2,343.1268813
13326,5.055324722,31.2,342.7077345
13327,5.055573056,31.2,337.5163125
13328,5.0558875,31.2,331.1108871
13329,5.056198889,31.2,329.5506739
13330,5.0564475,31.2,329.1323331
13331,5.056695278,31.2,329.3759358
13332,5.056941667,31.2,326.9612719
13333,5.057192222,31.2,323.3009347
13334,5.05751,31.2,319.8742508
13335,5.057823611,31.2,318.7929985
13336,5.058073889,31.2,320.4151671
13337,5.058321389,31.2,318.586395
13338,5.058570278,31.2,322.1915607
13339,5.058822222,31.2,320.5264577
13340,5.059140278,31.2,319.6484753
13341,5.059454444,31.2,323.5841463
13342,5.059701111,31.2,322.9547231
13343,5.059949722,31.2,317.8765285
13344,5.060204722,31.2,317.6791285
13345,5.060457778,31.2,318.4918038
13346,5.060770278,31.2,318.9822749
13347,5.061080833,31.2,324.2197488
13348,5.061326667,31.2,323.1312806
13349,5.061575556,31.2,324.1332787
13350,5.061827222,31.2,323.7871158
13351,5.062078056,31.2,324.4808307
13352,5.062395,31.2,324.2881018
13353,5.062711111,31.2,324.0733067
13354,5.062958611,31.2,325.1293873
13355,5.063206667,31.2,325.3111206
13356,5.063456944,31.2,326.0520669
13357,5.063705278,31.2,319.7142443
13358,5.064026667,31.2,312.9123976
13359,5.064343889,31.2,314.5358514
13360,5.064592778,31.2,308.1145616
13361,5.064842778,31.2,306.0514248
13362,5.065090278,31.2,304.9712884
13363,5.0653375,31.2,304.2016605
13364,5.065646944,31.2,303.6523494
13365,5.065956667,31.2,303.405232
13366,5.066202778,31.2,304.4645705
13367,5.066453611,31.2,308.1825831
13368,5.066703889,31.20044667,307.7159703
13369,5.066951667,31.20342,311.7758674
13370,5.067264444,31.20717333,315.4880472
13371,5.067572222,31.21086667,318.8074495
13372,5.067817222,31.21380667,318.1052082
13373,5.068065833,31.21679,320.8320145
13374,5.068315833,31.21979,319.7879813
13375,5.068566389,31.22279667,320.3125995
13376,5.068880833,31.22657,320.5063512
13377,5.069190556,31.23028667,319.8457901
13378,5.069437222,31.23324667,318.7344676
13379,5.069686667,31.23624,312.0899612
13380,5.069935278,31.23922333,307.0077947
13381,5.070181667,31.24218,305.9335918
13382,5.070496944,31.24596333,304.4661226
13383,5.070808611,31.24970333,305.8861089
13384,5.071054444,31.25265333,305.6816518
13385,5.071299444,31.25559333,306.629955
13386,5.071548889,31.25858667,301.2018601
13387,5.071798889,31.26158667,300.636129
13388,5.072111667,31.26534,300.1735253
13389,5.072425,31.2691,302.8708881
13390,5.072675278,31.27210333,308.4448242
13391,5.072924722,31.27509667,308.2813513
13392,5.0731725,31.27807,307.5383771
13393,5.073419444,31.28103333,309.6397969
13394,5.073736389,31.28483667,310.5032901
13395,5.074046111,31.28855333,314.944208
13396,5.074293611,31.29152333,319.8991513
13397,5.074540556,31.29448667,319.9089144
13398,5.074788056,31.29745667,316.8188512
13399,5.075034722,31.30041667,314.9633356
13400,5.075354444,31.30425333,313.1523934
13401,5.075669722,31.30803667,315.9758966
13402,5.075918333,31.31102,315.2322458
13403,5.076166667,31.314,315.9139257
13404,5.076415278,31.31698333,309.6125755
13405,5.076671389,31.32005667,311.8654441
13406,5.076985833,31.32383,314.4002305
13407,5.077296111,31.32755333,319.7387641
13408,5.077547778,31.33057333,321.5493373
13409,5.077798889,31.33358667,326.3416164
13410,5.078048333,31.33658,330.7865579
13411,5.078295278,31.33954333,336.9446565
13412,5.078607222,31.34328667,341.9905285
13413,5.078916389,31.34699667,346.0483936
13414,5.079165556,31.34998667,351.7622345
13415,5.079412778,31.35295333,351.5313319
13416,5.079661667,31.35594,346.2500303
13417,5.079912222,31.35894667,349.8296325
13418,5.080231389,31.36277667,353.3584928
13419,5.080548056,31.36657667,353.8371901
13420,5.080800556,31.36960667,354.7189062
13421,5.081048889,31.37258667,350.3455624
13422,5.081298611,31.37558333,349.1822987
13423,5.081549444,31.37859333,345.6325293
13424,5.0818625,31.38235,341.2578853
13425,5.082171389,31.38605667,345.294556
13426,5.082420556,31.38904667,348.33239
13427,5.082670833,31.39205,348.5982827
13428,5.082916667,31.395,346.87117
13429,5.083160556,31.39792667,342.5622469
13430,5.083471944,31.40083167,338.4031104
13431,5.083781111,31.40268667,334.1722448
13432,5.084028611,31.40417167,335.9746645
13433,5.084275278,31.40565167,334.8106742
13434,5.084525,31.40715,335.181158
13435,5.0847725,31.408635,334.5451953
13436,5.0850875,31.410525,334.2887072
13437,5.085401389,31.41240833,337.7648177
13438,5.085648889,31.41389333,340.8959578
13439,5.085895556,31.41537333,342.7578934
13440,5.086143333,31.41686,342.0696591
13441,5.086392778,31.41835667,337.9217567
13442,5.086702222,31.42021333,332.9349897
13443,5.087016389,31.42209833,336.3889904
13444,5.087265278,31.42359167,333.8887336
13445,5.087512778,31.42507667,331.7905986
13446,5.087763333,31.42658,331.8329714
13447,5.088015278,31.42809167,326.555435
13448,5.088329444,31.42997667,320.3795405
13449,5.088641944,31.43185167,319.4543703
13450,5.088889722,31.43333833,314.9194479
13451,5.089141389,31.43484833,317.9654708
13452,5.089393611,31.43636167,316.1093877
13453,5.089643611,31.43786167,314.8735029
13454,5.08996,31.43976,313.8363839
13455,5.090275278,31.44165167,314.2522623
13456,5.090523611,31.44314167,321.6574334
13457,5.090771111,31.44462667,321.8013769
13458,5.091019722,31.44611833,319.0244192
13459,5.091266389,31.44759833,314.5507699
13460,5.091586389,31.44951833,309.8761312
13461,5.0919,31.4514,315.1151995
13462,5.0921475,31.452885,315.2979077
13463,5.092394722,31.45436833,312.0292384
13464,5.092646111,31.45587667,312.5751027
13465,5.092897222,31.45738333,311.8887129
13466,5.0932125,31.459275,311.3068228
13467,5.093522778,31.46113667,320.6653482
13468,5.093771944,31.46263167,321.5035689
13469,5.094021111,31.46412667,327.0267298
13470,5.094268889,31.46561333,329.5321075
13471,5.094514722,31.46708833,327.9082999
13472,5.094830833,31.468985,325.3332477
13473,5.0951425,31.470855,324.2199826
13474,5.095389444,31.47233667,322.7493547
13475,5.095638611,31.47383167,320.2687859
13476,5.095887222,31.47532333,321.3558992
13477,5.096136667,31.47682,322.5996302
13478,5.096455,31.47873,323.2081427
13479,5.096769167,31.480615,325.0241875
13480,5.097014722,31.48208833,326.0001091
13481,5.097263333,31.48358,328.3250488
13482,5.09751,31.48506,329.398978
13483,5.097758611,31.48655167,327.1780106
13484,5.098073889,31.48844333,324.9148208
13485,5.098385556,31.49031333,328.1936326
13486,5.098635556,31.49181333,329.7112461
13487,5.098881389,31.49328833,326.7020494
13488,5.099131944,31.49479167,328.0869517
13489,5.099381667,31.49629,331.7810266
13490,5.099700278,31.49820167,335.3311486
13491,5.100011944,31.50007167,337.8683975
13492,5.100258333,31.50155,338.1453404
13493,5.100504167,31.503025,338.6784781
13494,5.100751389,31.50450833,341.0247017
13495,5.100997778,31.50598667,339.8276555
13496,5.101309167,31.507855,337.902834
13497,5.101619167,31.509715,339.975154
13498,5.101865,31.51119,335.9158892
13499,5.102114167,31.512685,333.0341651
13500,5.102363889,31.51418333,332.5172629
13501,5.102613056,31.51567833,331.50781
13502,5.102925,31.51755,330.3510995
13503,5.103233889,31.51940333,331.2987564
13504,5.103480278,31.52088167,332.5074189
13505,5.103728889,31.52237333,332.6133131
13506,5.1039775,31.523865,331.9374475
13507,5.104226944,31.52536167,332.0578041
13508,5.104540556,31.52724333,332.1707086
13509,5.104851389,31.52910833,333.9656545
13510,5.105101389,31.53060833,340.6513202
13511,5.10535,31.5321,341.864627
13512,5.105599722,31.53359833,339.836406
13513,5.105848889,31.53509333,335.4762221
13514,5.106163333,31.53698,330.2407836
13515,5.106472778,31.53883667,331.8307543
13516,5.1067225,31.540335,330.9877544
13517,5.106968889,31.54181333,331.1507618
13518,5.107215,31.54329,327.1431557
13519,5.107464167,31.544785,327.8675392
13520,5.107782222,31.54669333,328.4650544
13521,5.108093056,31.54855833,327.5501363
13522,5.1083425,31.550055,333.7650402
13523,5.108595,31.55157,334.4727622
13524,5.108844167,31.553065,327.8517827
13525,5.109093333,31.55456,327.2223508
13526,5.109408889,31.55645333,326.9506656
13527,5.109725833,31.558355,328.9040987
13528,5.109976111,31.55985667,332.9742928
13529,5.110222778,31.56133667,336.2940935
13530,5.110469722,31.56281833,341.1927623
13531,5.110718333,31.56431,343.0024283
13532,5.111035,31.56621,344.5604151
13533,5.111347778,31.56808667,350.7708786
13534,5.111592778,31.56955667,359.6154151
13535,5.111841389,31.57104833,361.9040615
13536,5.112089722,31.57253833,364.1068801
13537,5.112335278,31.57401167,369.2994822
13538,5.112646111,31.57587667,373.2555813
13539,5.112957778,31.57774667,375.4512182
13540,5.113204722,31.57922833,369.9767736
13541,5.113451389,31.58070833,361.5463116
13542,5.113700556,31.58220333,356.4438861
13543,5.113950833,31.583705,352.7580243
13544,5.114262778,31.58557667,348.976507
13545,5.114569722,31.58741833,347.765262
13546,5.114813611,31.58888167,353.3115765
13547,5.115063056,31.59037833,355.8298417
13548,5.115309722,31.59185833,357.1319018
13549,5.115561111,31.59336667,356.5358786
13550,5.115874444,31.59524667,355.1141054
13551,5.116186111,31.59711667,353.0141384
13552,5.116435556,31.59861333,354.0667637
13553,5.116686111,31.60023333,351.0740693
13554,5.116933333,31.6032,350.2251529
13555,5.117179444,31.60615333,346.4144215
13556,5.117495556,31.60994667,343.4214621
13557,5.117808889,31.61370667,350.6132968
13558,5.118060278,31.61672333,348.1924585
13559,5.118308611,31.61970333,352.7224985
13560,5.118552778,31.62263333,351.8197615
13561,5.118797778,31.62557333,347.5620621
13562,5.119112778,31.62935333,342.7794997
13563,5.119425,31.6331,346.3089512
13564,5.119671111,31.63605333,345.33605
13565,5.119915833,31.63899,347.5200496
13566,5.120163611,31.64196333,347.6701687
13567,5.120415556,31.64498667,342.5170537
13568,5.120729167,31.64875,336.6632155
13569,5.121041389,31.65249667,335.8327956
13570,5.1212875,31.65545,331.6285165
13571,5.121534444,31.65841333,334.8212861
13572,5.121783611,31.66140333,332.5693466
13573,5.122035,31.66442,333.4253822
13574,5.1223475,31.66817,334.2560373
13575,5.122658056,31.67189667,338.1448535
13576,5.122905556,31.67486667,341.2248559
13577,5.123151389,31.67781667,338.7014311
13578,5.123398056,31.68077667,338.9540061
13579,5.123645,31.68374,340.1886135
13580,5.123964167,31.68757,341.0103864
13581,5.124276111,31.69131333,346.721166
13582,5.124525,31.6943,344.2124759
13583,5.124778889,31.69734667,343.1997732
13584,5.125029167,31.70035,342.5019131
13585,5.1252775,31.70333,343.23932
13586,5.125595556,31.70714667,343.6877319
13587,5.125904444,31.71085333,347.13906
13588,5.126149722,31.71379667,349.174905
13589,5.126397222,31.71676667,352.7940799
13590,5.126645556,31.71974667,358.7271905
13591,5.126894444,31.72273333,355.1641561
13592,5.127204722,31.72645667,350.9507063
13593,5.127516389,31.73019667,351.3802751
13594,5.127764167,31.73317,346.4585116
13595,5.1280125,31.73615,346.937336
13596,5.128263889,31.73916667,343.6405796
13597,5.128511667,31.74214,340.6886298
13598,5.128825278,31.74590333,337.2611441
13599,5.129136389,31.74963667,336.3087811
13600,5.1293825,31.75259,334.6130093
13601,5.129633611,31.75560333,332.6309484
13602,5.129880278,31.75856333,332.7401392
13603,5.130126389,31.76151667,328.5012122
13604,5.130441389,31.76529667,323.8918289
13605,5.130753889,31.76904667,323.4043231
13606,5.131004167,31.77205,325.0778331
13607,5.131253611,31.77504333,316.8807543
13608,5.131501389,31.77801667,315.4607304
13609,5.131751667,31.78102,316.0071979
13610,5.132067778,31.78481333,316.1345957
13611,5.132378611,31.78854333,316.5618437
13612,5.132625833,31.79151,317.0494614
13613,5.132874444,31.79449333,321.3204725
13614,5.133118611,31.79742333,322.2636392
13615,5.133363611,31.800545,321.9259789
13616,5.133679722,31.806235,321.30087
13617,5.133993889,31.81189,323.7848687
13618,5.134241389,31.816345,320.0453659
13619,5.134488333,31.82079,318.747554
13620,5.134735833,31.825245,315.8765746
13621,5.134983611,31.829705,315.8040383
13622,5.135301667,31.83543,316.1747022
13623,5.135612222,31.84102,318.2445272
13624,5.135861389,31.845505,322.7848231
13625,5.136108333,31.84995,328.1157432
13626,5.136357222,31.85443,328.6653109
13627,5.1366075,31.858935,327.1110211
13628,5.136919722,31.864555,325.0628923
13629,5.137225278,31.870055,328.7770059
13630,5.137471667,31.87449,331.4849829
13631,5.137718333,31.87893,326.3040967
13632,5.137968889,31.88344,324.7095037
13633,5.138216389,31.887895,321.1193344
13634,5.138529167,31.893525,317.2015928
13635,5.138840556,31.89913,317.6898918
13636,5.139088056,31.903585,315.7677052
13637,5.139338611,31.908095,317.0709648
13638,5.139586944,31.912565,316.6070792
13639,5.139834444,31.91702,317.180422
13640,5.140146944,31.922645,318.1884645
13641,5.140456111,31.92821,316.9727788
13642,5.140704444,31.93268,318.4141996
13643,5.140953889,31.93717,319.7277971
13644,5.141203333,31.94166,318.8177564
13645,5.141451667,31.94613,319.8619874
13646,5.141761111,31.9517,319.9765577
13647,5.142068889,31.95724,319.4311164
13648,5.142313333,31.96164,320.5294757
13649,5.142557778,31.96604,323.6318826
13650,5.142806389,31.970515,321.4814834
13651,5.143054722,31.974985,322.2187132
13652,5.143366389,31.980595,323.3903852
13653,5.143674444,31.98614,323.893282
13654,5.143920833,31.990575,327.4849619
13655,5.144170278,31.995065,325.8741386
13656,5.144417222,31.99951,331.604274
13657,5.144668333,32.00403,336.9486613
13658,5.144978889,32.00962,340.8556059
13659,5.145288889,32.0152,346.1815634
13660,5.145537222,32.01967,342.1830066
13661,5.145783889,32.02411,339.0507779
13662,5.146033611,32.028605,336.7022358
13663,5.146283056,32.033095,333.6229518
13664,5.146593333,32.03868,330.199328
13665,5.1469025,32.044245,334.0059759
13666,5.147151111,32.04872,334.2915152
13667,5.147399722,32.053195,336.2275257
13668,5.147650556,32.05771,335.7871341
13669,5.1479,32.0622,332.4895203
13670,5.148212778,32.06783,329.0049706
13671,5.148523333,32.07342,330.3572705
13672,5.14877,32.07786,331.0629362
13673,5.149017778,32.08232,334.2607681
13674,5.1492675,32.086815,331.730813
13675,5.149515,32.09127,327.0055227
13676,5.14983,32.09694,322.1577579
13677,5.150143611,32.10086167,323.4749847
13678,5.150388611,32.10233167,323.9445848
13679,5.150640833,32.103845,329.2309714
13680,5.150895556,32.10537333,333.9784562
13681,5.151146667,32.10688,335.1494671
13682,5.151464722,32.10878833,336.7846171
13683,5.151779167,32.110675,340.9717651
13684,5.152025833,32.112155,341.3879627
13685,5.152274444,32.11364667,342.9369963
13686,5.152524722,32.11514833,342.429959
13687,5.152773333,32.11664,337.8485048
13688,5.153091111,32.11854667,332.2694499
13689,5.153400833,32.120405,327.736982
13690,5.153648611,32.12189167,325.241574
13691,5.153895556,32.12337333,324.3398883
13692,5.154142778,32.12485667,323.1098179
13693,5.1543925,32.126355,321.5669689
13694,5.154703056,32.12821833,320.0918286
13695,5.155010833,32.130065,328.1395863
13696,5.155256944,32.13154167,326.8816095
13697,5.155506389,32.13303833,325.9969402
13698,5.155755,32.13453,331.101682
13699,5.155999444,32.13599667,335.7565847
13700,5.156308333,32.13785,339.5930352
13701,5.1566175,32.139705,344.7488136
13702,5.156863056,32.14117833,343.1334348
13703,5.157110556,32.14266333,345.5052768
13704,5.157360278,32.14416167,342.0901827
13705,5.157613611,32.14568167,341.3467095
13706,5.157926111,32.14755667,340.2022168
13707,5.158237222,32.14942333,340.7512685
13708,5.158485278,32.15091167,344.6365656
13709,5.158733889,32.15240333,344.5828657
13710,5.158982222,32.15389333,347.520888
13711,5.159229722,32.15537833,347.2507937
13712,5.159540278,32.15724167,346.2277386
13713,5.159848056,32.15908833,350.1752138
13714,5.160099444,32.16059667,345.7517006
13715,5.160348056,32.16208833,347.9277642
13716,5.160598333,32.16359,345.0310785
13717,5.160848056,32.16508833,341.1945264
13718,5.161164444,32.16698667,337.3575232
13719,5.161478611,32.16887167,341.8936672
13720,5.161726389,32.17035833,342.3708334
13721,5.161975278,32.17185167,343.4299757
13722,5.162224167,32.173345,342.5887538
13723,5.162473611,32.17484167,339.4937292
13724,5.162787778,32.17672667,336.2908236
13725,5.163096667,32.17858,333.5457967
13726,5.163350833,32.180105,334.3705563
13727,5.163602222,32.18161333,328.394379
13728,5.163848056,32.18308833,326.3844835
13729,5.164095556,32.18457333,325.3193141
13730,5.164410833,32.186465,323.1664145
13731,5.164723889,32.18834333,321.7434919
13732,5.164973611,32.18984167,321.1947292
13733,5.165225,32.19135,323.7855935
13734,5.165478056,32.19286833,324.4592972
13735,5.165725833,32.194355,327.4628974
13736,5.166038056,32.19622833,330.4234017
13737,5.1663525,32.198115,335.8059623
13738,5.166601944,32.19961167,333.8301266
13739,5.166850278,32.2,331.9378088
13740,5.167099167,32.2,330.8159666
13741,5.167346667,32.2,329.3896197
13742,5.167661111,32.2,328.144192
13743,5.167973611,32.2,330.6264756
13744,5.168221944,32.2,333.2060562
13745,5.168471389,32.2,338.9279673
13746,5.168721111,32.2,339.0168074
13747,5.168968333,32.2,337.0115312
13748,5.169284444,32.2,334.7999354
13749,5.169595278,32.2,339.4973526
13750,5.169841944,32.2,337.9174573
13751,5.170095,32.2,331.1527759
13752,5.170344722,32.2,326.6424499
13753,5.170595,32.2,321.5448738
13754,5.170909444,32.2,316.1234932
13755,5.171220833,32.2,321.425433
13756,5.171468333,32.2,320.1755041
13757,5.171716111,32.2,319.9984007
13758,5.171960278,32.2,318.5617943
13759,5.172205556,32.2,318.0076274
13760,5.172526667,32.2,317.9267837
13761,5.172843333,32.2,315.9868042
13762,5.173092222,32.2,310.7069631
13763,5.17334,32.2,311.456245
13764,5.17359,32.2,312.4202474
13765,5.173838611,32.2,316.0247824
13766,5.174147778,32.2,318.8558598
13767,5.174459167,32.2,325.7171909
13768,5.174706667,32.2,327.2420812
13769,5.174954167,32.2,328.7625177
13770,5.175205833,32.2,326.940861
13771,5.175455,32.2,331.6682497
13772,5.175766389,32.2,335.5387064
13773,5.176078333,32.2,331.5515879
13774,5.176325278,32.2,327.2125856
13775,5.176574722,32.2,321.9169954
13776,5.176823889,32.2,320.6195557
13777,5.177075,32.2,317.8786287
13778,5.177389722,32.2,314.6754305
13779,5.177701944,32.2,318.7709087
13780,5.177951389,32.2,321.105969
13781,5.178200833,32.2,326.9226465
13782,5.178446389,32.2,326.1240787
13783,5.178696389,32.2,329.0822188
13784,5.179014167,32.2,331.4833047
13785,5.179325833,32.2,339.5048562
13786,5.179573056,32.2,336.5091895
13787,5.179820833,32.2,331.5413653
13788,5.180067778,32.2,327.7488722
13789,5.1803125,32.2,326.0847686
13790,5.180625833,32.2,325.3685668
13791,5.180936667,32.2,326.0523189
13792,5.181184444,32.2,324.7706222
13793,5.181438056,32.2,328.4010747
13794,5.181691111,32.2,326.4829183
13795,5.181941111,32.2,323.6429317
13796,5.182259722,32.2,319.8748362
13797,5.182569722,32.2,321.8219956
13798,5.182818889,32.2,326.3172406
13799,5.183068333,32.2,330.2614342
13800,5.183315,32.2,333.3504414
13801,5.183564444,32.19722667,332.5019664
13802,5.183874444,32.19350667,331.7875586
13803,5.184185833,32.18977,335.2018273
13804,5.184435278,32.18677667,334.3628609
13805,5.184683056,32.18380333,332.1242767
13806,5.184936111,32.18076667,333.052873
13807,5.185186667,32.17776,328.6599207
13808,5.1855025,32.17397,323.9558872
13809,5.185816944,32.17019667,321.445967
13810,5.186066389,32.16720333,326.759711
13811,5.186317778,32.16418667,325.2274307
13812,5.186565278,32.16121667,327.6602766
13813,5.186813889,32.15823333,327.7733234
13814,5.187128889,32.15445333,327.780828
13815,5.187440556,32.15071333,331.4225735
13816,5.187688889,32.14773333,331.2930622
13817,5.187937778,32.14474667,330.9215961
13818,5.188190833,32.14171,331.5079419
13819,5.188437778,32.13874667,329.6234314
13820,5.188751944,32.13497667,327.0495564
13821,5.189064167,32.13123,326.1320758
13822,5.189314722,32.12822333,326.6253136
13823,5.189566111,32.12520667,328.0206243
13824,5.189814722,32.12222333,325.7164594
13825,5.190063889,32.11923333,322.3041437
13826,5.1903775,32.11547,318.2841907
13827,5.190688889,32.11173333,319.1364844
13828,5.190935833,32.10877,319.6510963
13829,5.191184167,32.10579,320.5386133
13830,5.191431111,32.10282667,315.5348548
13831,5.191683333,32.0998,314.5971954
13832,5.191995833,32.09605,313.1458783
13833,5.192306389,32.09232333,314.5870063
13834,5.1925575,32.08931,313.6402797
13835,5.192805278,32.08633667,318.3024385
13836,5.193052778,32.08336667,316.0679218
13837,5.193304167,32.08035,318.5628974
13838,5.193625833,32.07649,320.8321994
13839,5.193940833,32.07271,323.5380011
13840,5.194189444,32.06972667,321.1825111
13841,5.194440833,32.06671,325.8331031
13842,5.194691111,32.06370667,326.3737192
13843,5.194940833,32.06071,324.7277617
13844,5.1952525,32.05697,322.6594418
13845,5.195565,32.05322,320.9511031
13846,5.195820278,32.05015667,322.138281
13847,5.1960725,32.04713,321.2885905
13848,5.196322222,32.04413333,321.1618437
13849,5.196569167,32.04117,318.7317171
13850,5.1968825,32.03741,315.9872383
13851,5.197191389,32.03370333,316.7766942
13852,5.197440833,32.03071,311.7948691
13853,5.197692222,32.02769333,311.1210046
13854,5.197944722,32.02466333,313.2162958
13855,5.198194722,32.02166333,313.7279734
13856,5.198507222,32.01791333,313.9443572
13857,5.198819722,32.01416333,318.0366153
13858,5.199070556,32.01115333,316.9205555
13859,5.199317778,32.00818667,314.8263436
13860,5.199566944,32.00519667,316.1753478
13861,5.199814722,32.00222333,317.5975783
13862,5.200134167,32.005635,317.801213
13863,5.2004475,32.018795,321.8614023
13864,5.200694722,32.02917833,323.4029127
13865,5.200944722,32.03967833,327.6801345
13866,5.201194444,32.05016667,330.3344239
13867,5.201444722,32.06067833,328.469506
13868,5.201761944,32.07400167,327.0940875
13869,5.202074444,32.08712667,326.1980638
13870,5.202323611,32.09759167,321.4728316
13871,5.202573056,32.10806833,319.6784406
13872,5.202818889,32.11839333,319.1319641
13873,5.203066389,32.12878833,317.3147742
13874,5.203383889,32.14212333,315.3979257
13875,5.203697222,32.15528333,323.6174757
13876,5.203946389,32.16574833,322.6050478
13877,5.204197778,32.17630667,324.6560361
13878,5.2044475,32.186795,323.3141499
13879,5.204694167,32.197155,324.2858912
13880,5.205012778,32.21053667,324.9211743
13881,5.205323611,32.22359167,325.3798887
13882,5.20557,32.23394,320.8142817
13883,5.205818611,32.24438167,320.3863899
13884,5.20607,32.25494,320.0767589
13885,5.206319167,32.265405,320.2859232
13886,5.206634722,32.27865833,320.3297185
13887,5.206950833,32.291935,327.7316177
13888,5.207200278,32.30241167,327.0815794
13889,5.207449167,32.312865,324.2132642
13890,5.207701667,32.32347,325.3109821
13891,5.207951389,32.33395833,326.6836116
13892,5.208263889,32.34708333,326.9630786
13893,5.208572778,32.36005667,330.095889
13894,5.208822222,32.37053333,329.9927687
13895,5.209075278,32.38116167,331.3895769
13896,5.209332222,32.39195333,331.5619047
13897,5.209580556,32.40238333,325.8777541
13898,5.209893889,32.41554333,319.8078695
13899,5.210201111,32.42844667,321.0737686
13900,5.210448056,32.43881833,322.4381872
13901,5.210697222,32.44928333,330.7520664
13902,5.2109475,32.459795,333.7374452
13903,5.211195,32.47019,337.7643575
13904,5.211512222,32.48351333,341.7984359
13905,5.211829444,32.49683667,345.7978554
13906,5.212077778,32.50726667,350.6096982
13907,5.212329167,32.517825,342.4557424
13908,5.212577778,32.52826667,340.0749217
13909,5.212825278,32.53866167,340.9782161
13910,5.213141667,32.55195,342.7676263
13911,5.213454722,32.56509833,343.823945
13912,5.213701389,32.57545833,341.5128119
13913,5.213950278,32.58591167,340.9249131
13914,5.214201389,32.59645833,347.6441103
13915,5.214454444,32.60708667,345.4546637
13916,5.214766944,32.62021167,341.7499899
13917,5.215078333,32.63329,347.0415632
13918,5.215328333,32.64379,347.3274683
13919,5.215579444,32.65433667,346.4913434
13920,5.21583,32.66486,344.5230223
13921,5.216080833,32.675395,338.3655914
13922,5.216396389,32.68864833,331.6565403
13923,5.216710278,32.699215,332.4971777
13924,5.216961111,32.6947,333.9261242
13925,5.217212222,32.69018,335.3132449
13926,5.217464444,32.68564,338.4621502
13927,5.217713889,32.68115,337.7725499
13928,5.218029722,32.675465,337.1375432
13929,5.218340556,32.66987,337.284604
13930,5.218589444,32.66539,344.4881607
13931,5.218837778,32.66092,344.3715937
13932,5.219085278,32.656465,344.9179627
13933,5.219335556,32.65196,348.5141743
13934,5.219648333,32.64633,352.1175101
13935,5.219957778,32.64076,350.5945964
13936,5.220205556,32.6363,350.7706472
13937,5.220457778,32.63176,351.6057531
13938,5.220708056,32.627255,351.9610097
13939,5.220960278,32.622715,346.7221684
13940,5.221275556,32.61704,341.7739711
13941,5.221588889,32.6114,339.8099191
13942,5.221841111,32.60686,343.9725045
13943,5.222094444,32.6023,345.4734342
13944,5.222345,32.59779,344.1145771
13945,5.222593333,32.59332,345.6889922
13946,5.222915833,32.587515,346.0104035
13947,5.223233889,32.58179,350.3750996
13948,5.2234825,32.577315,353.1454525
13949,5.223731111,32.57284,357.0691106
13950,5.223976944,32.568415,353.6242091
13951,5.224229444,32.56387,354.6679237
13952,5.224538611,32.558305,355.3639266
13953,5.224851111,32.55268,354.5403639
13954,5.225104167,32.548125,356.356523
13955,5.225354444,32.54362,361.146126
13956,5.225603333,32.53914,357.8350284
13957,5.225852778,32.53465,364.0813092
13958,5.226168889,32.52896,370.2226025
13959,5.226480278,32.523355,369.9494966
13960,5.226731667,32.51883,366.3127117
13961,5.226981944,32.514325,368.5159749
13962,5.227231389,32.509835,365.3765951
13963,5.227480556,32.50535,367.6522511
13964,5.227798056,32.499635,368.9847996
13965,5.228111389,32.493995,369.3095988
13966,5.2283625,32.489475,375.5404724
13967,5.228612222,32.48498,378.2784979
13968,5.22886,32.48052,374.2863261
13969,5.229109444,32.47603,368.0195959
13970,5.229425556,32.47034,361.9596293
13971,5.229733333,32.4648,363.0173559
13972,5.229983333,32.4603,358.0927116
13973,5.230233889,32.45579,359.2827528
13974,5.230484444,32.45128,359.7000385
13975,5.230735,32.44677,356.4233109
13976,5.231046111,32.44117,353.3388584
13977,5.231354167,32.435625,358.4835839
13978,5.231602778,32.43115,359.5420925
13979,5.231854722,32.426615,360.9738232
13980,5.232100556,32.42219,362.8420593
13981,5.232348333,32.41773,366.4101761
13982,5.232667222,32.41199,368.7093358
13983,5.232977222,32.40641,371.1091665
13984,5.233226667,32.40192,371.9286932
13985,5.233476111,32.40257,371.6693572
13986,5.233725556,32.40706,374.5691552
13987,5.233974722,32.411545,373.312331
13988,5.234288889,32.4172,371.0524121
13989,5.234599722,32.422795,369.7485206
13990,5.234849167,32.427285,366.308359
13991,5.235100556,32.43181,367.3875711
13992,5.23535,32.4363,366.6838814
13993,5.235599444,32.44079,365.4469312
13994,5.235918056,32.446525,364.6987732
13995,5.236238889,32.4523,366.7072282
13996,5.236493333,32.45688,369.7468423
13997,5.236741667,32.46135,374.3451168
13998,5.236990278,32.465825,374.9367306
13999,5.237239444,32.47031,374.9206817
14000,5.237552222,32.47594,373.7333855
14001,5.237863611,32.481545,377.2774199
14002,5.2381125,32.486025,378.2619203
14003,5.238361944,32.490515,377.2641657
14004,5.238611111,32.495,378.1555663
14005,5.238863333,32.49954,376.3743854
14006,5.239176111,32.50517,374.582095
14007,5.239485556,32.51074,375.9155014
14008,5.239734167,32.515215,373.287758
14009,5.239983889,32.51971,373.344584
14010,5.240234167,32.524215,371.8761648
14011,5.240487778,32.52878,370.8130256
14012,5.240806944,32.534525,369.1254815
14013,5.241121111,32.54018,373.5328391
14014,5.241371389,32.544685,376.2897878
14015,5.241619444,32.54915,380.9986034
14016,5.241871389,32.553685,383.2678999
14017,5.242127222,32.55829,379.2036013
14018,5.2424425,32.563965,375.2384153
14019,5.242753056,32.569555,374.2802448
14020,5.243005278,32.574095,377.2776315
14021,5.243256667,32.57862,375.6125844
14022,5.243506111,32.58311,376.6856491
14023,5.243755556,32.5876,376.0990811
14024,5.244072778,32.59331,375.0437657
14025,5.244383333,32.5989,376.2680251
14026,5.244632778,32.60339,376.2181721
14027,5.244885833,32.607945,370.5863485
14028,5.245136389,32.612455,368.7648106
14029,5.245391944,32.617055,365.0323907
14030,5.245707222,32.62273,361.7101843
14031,5.246015,32.62827,366.1793696
14032,5.246266389,32.632795,363.2099037
14033,5.246519722,32.637355,359.8917503
14034,5.246772778,32.64191,362.5040641
14035,5.247022222,32.6464,358.7197824
14036,5.247340278,32.652125,353.1711136
14037,5.247655278,32.657795,351.749224
14038,5.247901944,32.662235,348.9695127
14039,5.248150556,32.66671,346.4758067
14040,5.2484,32.6712,341.222256
14041,5.248652222,32.67574,337.9304602
14042,5.248970278,32.681465,334.7140982
14043,5.249284444,32.68712,333.6121373
14044,5.249531111,32.69156,332.4150615
14045,5.249780833,32.696055,332.3732518
14046,5.250033611,32.70020167,328.1610928
14047,5.2502825,32.701695,330.0122732
14048,5.250594722,32.70356833,331.9994836
14049,5.25091,32.70546,332.9498095
14050,5.251161389,32.70696833,331.9346958
14051,5.251411667,32.70847,328.9373932
14052,5.251661111,32.70996667,324.5407052
14053,5.251912222,32.71147333,326.4508817
14054,5.252231389,32.71338833,328.0667269
14055,5.252546944,32.71528167,330.1851549
14056,5.2528025,32.716815,333.6352963
14057,5.253056667,32.71834,337.5088377
14058,5.253305833,32.719835,338.3945975
14059,5.253556111,32.72133667,334.869307
14060,5.253867778,32.72320667,331.1414237
14061,5.254175833,32.725055,330.4093477
14062,5.254425556,32.72655333,332.6557202
14063,5.254675833,32.728055,328.1187139
14064,5.254926111,32.72955667,326.1768841
14065,5.255174722,32.73104833,323.1772924
14066,5.255488056,32.73292833,319.1582837
14067,5.255798611,32.73479167,324.313689
14068,5.2560475,32.736285,327.3581496
14069,5.256296944,32.73778167,327.91102
14070,5.256546944,32.73928167,326.297541
14071,5.2567975,32.740785,327.1806866
14072,5.257115278,32.74269167,328.0636631
14073,5.257433333,32.7446,326.4092986
14074,5.257682778,32.74609667,327.555628
14075,5.257932222,32.74759333,329.7630885
14076,5.258183611,32.74910167,327.1221409
14077,5.258433056,32.75059833,326.2991152
14078,5.258748889,32.75249333,324.9311823
14079,5.259060833,32.754365,326.6517763
14080,5.259313056,32.75587833,324.8473324
14081,5.2595625,32.757375,328.795114
14082,5.259814444,32.75888667,325.0171199
14083,5.260065556,32.76039333,328.8226961
14084,5.260381667,32.76229,332.6674276
14085,5.260692778,32.76415667,338.9315381
14086,5.260940278,32.76564167,349.3925238
14087,5.261188889,32.76713333,350.7863793
14088,5.261439167,32.768635,346.0161438
14089,5.261686944,32.77012167,339.5849067
14090,5.262005,32.77203,332.782789
14091,5.262325278,32.77395167,335.0474456
14092,5.262581667,32.77549,334.9660125
14093,5.262836111,32.77701667,335.3260384
14094,5.263087778,32.77852667,333.3181417
14095,5.263333333,32.78,327.8145389
14096,5.263645,32.78187,321.9711574
14097,5.263956667,32.78374,329.925273
14098,5.264205833,32.785235,329.6041853
14099,5.264455278,32.78673167,333.5991421
14100,5.264705833,32.788235,334.9936421
14101,5.264964167,32.789785,335.0589034
14102,5.265285833,32.791715,335.0945094
14103,5.265599444,32.79359667,335.8693456
14104,5.2658525,32.795115,336.1152044
14105,5.266101389,32.79660833,331.1900219
14106,5.2663525,32.798115,333.4237097
14107,5.266602778,32.79961667,331.574614
14108,5.266919167,32.795455,328.2638354
14109,5.267229444,32.78987,328.3122522
14110,5.26748,32.78536,325.7399984
14111,5.267728333,32.78089,324.1852926
14112,5.267975278,32.776445,320.6550179
14113,5.268225556,32.77194,316.7310007
14114,5.268538889,32.7663,314.0566086
14115,5.268854167,32.760625,316.482785
14116,5.269107222,32.75607,319.7163077
14117,5.269355833,32.751595,321.8915831
14118,5.269606111,32.74709,320.774357
14119,5.269855556,32.7426,320.1484437
14120,5.270174722,32.736855,317.8035488
14121,5.270493611,32.731115,318.6082731
14122,5.270740833,32.726665,319.1688606
14123,5.270988056,32.722215,314.9797852
14124,5.271238889,32.7177,315.2378418
14125,5.271493333,32.71312,317.6652813
14126,5.271811111,32.7074,320.485617
14127,5.272123333,32.70178,321.1370455
14128,5.272370556,32.69733,322.605928
14129,5.272617222,32.69289,323.931707
14130,5.272863611,32.688455,322.8622589
14131,5.273111944,32.683985,323.8471953
14132,5.273423889,32.67837,324.3607033
14133,5.273733611,32.672795,331.0371007
14134,5.273979444,32.66837,330.0940834
14135,5.274232778,32.66381,332.7403896
14136,5.274481944,32.659325,337.397195
14137,5.274732222,32.65482,332.6150548
14138,5.275044722,32.649195,327.7801459
14139,5.275356389,32.643585,328.7048335
14140,5.275605833,32.639095,331.9318464
14141,5.275856389,32.634585,329.4206231
14142,5.276106667,32.63008,327.3570758
14143,5.276356111,32.62559,329.2979919
14144,5.276675,32.61985,331.2938995
14145,5.276990278,32.614175,336.7644516
14146,5.277241389,32.609655,334.0126516
14147,5.277495556,32.60508,332.9838765
14148,5.277750278,32.600495,336.4819995
14149,5.278,32.596,334.4173206
14150,5.278316944,32.590295,331.8408705
14151,5.278633056,32.584605,333.2585172
14152,5.278886111,32.58005,335.4728112
14153,5.279141111,32.57546,332.7943656
14154,5.279393333,32.57092,331.0903738
14155,5.279646389,32.566365,325.9888578
14156,5.279965,32.56063,320.2200244
14157,5.280277778,32.555,320.2900623
14158,5.280530833,32.550445,321.3721493
14159,5.280777778,32.546,320.8574087
14160,5.281025556,32.54154,314.6945598
14161,5.2812775,32.537005,316.2009202
14162,5.281588056,32.531415,317.9552192
14163,5.281896111,32.52587,321.3090345
14164,5.282146389,32.521365,324.3963252
14165,5.282394722,32.516895,321.7081144
14166,5.282645556,32.51238,315.1823087
14167,5.282895556,32.50788,311.7849974
14168,5.2832075,32.502265,308.0451458
14169,5.283518889,32.50556667,309.4386863
14170,5.283767222,32.51301667,309.6716113
14171,5.284019444,32.52058333,303.5622802
14172,5.284267222,32.52801667,299.0577074
14173,5.284518611,32.53555833,298.711927
14174,5.284834722,32.54504167,297.8885698
14175,5.285149722,32.55449167,303.2555618
14176,5.2853975,32.561925,307.414348
14177,5.285647778,32.56943333,310.0643698
14178,5.285901944,32.57705833,307.203578
14179,5.286153056,32.58459167,308.5915599
14180,5.286473056,32.59419167,309.2075091
14181,5.286786111,32.60358333,310.099391
14182,5.287036667,32.6111,311.6126376
14183,5.287285,32.61855,306.4407164
14184,5.287534444,32.62603333,313.6425187
14185,5.287784167,32.633525,306.8888528
14186,5.288096944,32.64290833,299.6504482
14187,5.28841,32.6523,300.8876982
14188,5.288661111,32.65983333,300.5381716
14189,5.288913611,32.66740833,300.3692623
14190,5.289165833,32.674975,302.0299693
14191,5.289420833,32.682625,303.9030264
14192,5.289735833,32.692075,305.2113676
14193,5.290049167,32.701475,307.6615654
14194,5.290299444,32.70898333,303.8417034
14195,5.290548056,32.71644167,302.7481078
14196,5.290799722,32.72399167,303.0203464
14197,5.291050556,32.73151667,301.7587679
14198,5.291365,32.74095,299.8046622
14199,5.291671389,32.75014167,299.5665661
14200,5.291920833,32.757625,298.7934524
14201,5.292172222,32.76516667,297.7831305
14202,5.292420278,32.77260833,296.9361664
14203,5.2926675,32.780025,299.3523672
14204,5.29298,32.7894,302.4614092
14205,5.293293333,32.7988,309.4569711
14206,5.293543611,32.80630833,314.2623392
14207,5.293791389,32.81374167,314.6310098
14208,5.2940425,32.821275,312.3374363
14209,5.29429,32.8287,314.0067338
14210,5.294603611,32.83810833,314.9351924
14211,5.294916111,32.84748333,321.1710379
14212,5.295166389,32.85499167,325.4595963
14213,5.295417778,32.86253333,327.7049959
14214,5.295666944,32.87000833,329.6154266
14215,5.295915833,32.877475,327.8001084
14216,5.296236111,32.88708333,324.614981
14217,5.296548611,32.89645833,333.8520978
14218,5.296796389,32.90389167,334.9101801
14219,5.297046944,32.91140833,338.2172015
14220,5.297298056,32.91894167,336.4206761
14221,5.297550278,32.92650833,336.0359302
14222,5.297867222,32.93601667,336.3054796
14223,5.29818,32.9454,338.2642676
14224,5.2984275,32.952825,337.7044002
14225,5.298677778,32.96033333,336.6233733
14226,5.29893,32.9679,343.6595693
14227,5.299181389,32.97544167,342.720918
14228,5.299501389,32.98504167,341.3390816
14229,5.299817222,32.99451667,340.8245866
14230,5.300065833,32.999605,335.4813258
14231,5.300315278,32.99810833,334.1169578
14232,5.300563056,32.99662167,334.6361336
14233,5.300813333,32.99512,331.82265
14234,5.301132778,32.99320333,328.9009102
14235,5.301446389,32.99132167,335.4851838
14236,5.301696944,32.98981833,332.2791835
14237,5.30195,32.9883,335.6210095
14238,5.302200278,32.98679833,338.6868586
14239,5.302449722,32.98530167,337.5309898
14240,5.302763333,32.98342,335.3468209
14241,5.303075556,32.98154667,332.7219668
14242,5.303325278,32.98004833,330.6308948
14243,5.303573889,32.97855667,327.1041487
14244,5.303825278,32.97704833,328.4598532
14245,5.304078333,32.97553,333.5918655
14246,5.304393333,32.97364,338.7045722
14247,5.304704167,32.971775,343.578334
14248,5.304955,32.97027,347.7088438
14249,5.305201111,32.96879333,349.3249631
14250,5.305449722,32.96730167,349.2148804
14251,5.305696944,32.96581833,346.6634207
14252,5.306013333,32.96392,344.0987014
14253,5.306324167,32.962055,348.7445799
14254,5.306574167,32.960555,348.3386409
14255,5.306823056,32.95906167,347.2965364
14256,5.307077778,32.95753333,348.3566682
14257,5.307333611,32.95599833,348.176186
14258,5.307649167,32.954105,347.3837167
14259,5.307960556,32.95223667,347.7923019
14260,5.308211944,32.95072833,346.1191894
14261,5.308459167,32.949245,342.4043199
14262,5.308708056,32.94775167,338.9080093
14263,5.308959444,32.94624333,340.8578896
14264,5.309275278,32.94434833,343.2492181
14265,5.309586389,32.94248167,343.837437
14266,5.3098375,32.940975,343.4126393
14267,5.310085833,32.939485,342.9489715
14268,5.310331111,32.93801333,346.1755251
14269,5.310580556,32.93651667,350.4167544
14270,5.3109,32.9346,354.0352102
14271,5.311211389,32.93273167,356.662379
14272,5.311463611,32.93121833,361.8112142
14273,5.311718056,32.92969167,364.2055581
14274,5.311968333,32.92819,365.3536886
14275,5.312219444,32.92668333,366.1990894
14276,5.312534722,32.92479167,366.2968698
14277,5.312841944,32.92294833,369.1117909
14278,5.313094167,32.921435,371.360133
14279,5.313343611,32.91993833,370.857746
14280,5.313595,32.91843,369.0161132
14281,5.313845,32.91693,368.6964521
14282,5.314158611,32.91504833,368.3189414
14283,5.314466389,32.91320167,372.5617744
14284,5.314715556,32.91170667,379.3907274
14285,5.314967222,32.91019667,376.11628
14286,5.315217778,32.90869333,371.2749416
14287,5.3154725,32.907165,366.2640307
14288,5.315788333,32.90527,360.9592787
14289,5.316098611,32.90340833,360.6134814
14290,5.316349722,32.90190167,360.4605951
14291,5.316600833,32.900395,354.4192288
14292,5.316849444,32.90109667,353.0515134
14293,5.317098056,32.90258833,348.2509749
14294,5.317414167,32.904485,343.3704187
14295,5.317729444,32.90637667,347.850579
14296,5.317976389,32.90785833,349.620001
14297,5.318225278,32.90935167,349.2856419
14298,5.318474722,32.91084833,345.3389434
14299,5.318724722,32.91234833,347.9494264
14300,5.319037778,32.91422667,350.0791666
14301,5.319349722,32.91609833,347.6769668
14302,5.319598611,32.91759167,346.0995377
14303,5.319850278,32.91910167,345.7128233
14304,5.320101389,32.92060833,351.6076509
14305,5.320349167,32.922095,349.3708108
14306,5.320667778,32.92400667,346.8105088
14307,5.320979444,32.92587667,349.2484143
14308,5.321225556,32.92735333,347.1182603
14309,5.321474722,32.92884833,346.7724367
14310,5.321726111,32.93035667,347.9578124
14311,5.321978056,32.93186833,346.4459126
14312,5.322296944,32.93378167,343.2728612
14313,5.322607778,32.93564667,346.4553045
14314,5.322858333,32.93715,338.8095197
14315,5.323109444,32.93865667,337.8162323
14316,5.32336,32.94016,334.1955823
14317,5.323614167,32.941685,336.4324697
14318,5.323930278,32.94358167,339.5121444
14319,5.324241667,32.94545,338.2420809
14320,5.324491944,32.94695167,338.244722
14321,5.324742222,32.94845333,332.2279514
14322,5.324996389,32.94997833,333.8068458
14323,5.325251389,32.95150833,334.5478546
14324,5.325567222,32.95340333,335.2198537
14325,5.325882778,32.95529667,335.5562043
14326,5.326133889,32.95680333,335.3433016
14327,5.326381667,32.95829,337.1139889
14328,5.326629444,32.95977667,331.7707343
14329,5.326880278,32.96128167,332.0368383
14330,5.327195833,32.963175,331.9467384
14331,5.32751,32.96506,335.2971981
14332,5.327759444,32.96655667,338.1080095
14333,5.328008889,32.96805333,337.7906732
14334,5.328261111,32.96956667,338.6028528
14335,5.328510556,32.97106333,341.5016299
14336,5.328828333,32.97297,343.1319063
14337,5.329141389,32.97484833,347.6389083
14338,5.329389722,32.97633833,349.6387549
14339,5.329640278,32.97784167,350.368573
14340,5.329893056,32.97935833,347.9171825
14341,5.330143333,32.98086,346.1666314
14342,5.330462222,32.98277333,344.9914358
14343,5.330774167,32.984645,348.5540955
14344,5.331023333,32.98614,346.6567207
14345,5.3312775,32.987665,344.156626
14346,5.331529722,32.98917833,346.3593897
14347,5.331778056,32.99066833,346.4489987
14348,5.332095278,32.99257167,345.9913099
14349,5.332410556,32.99446333,346.4514683
14350,5.332659722,32.99595833,340.6895567
14351,5.332908611,32.99745167,341.6607465
14352,5.333157778,32.99894667,338.5581592
14353,5.333409167,33.001365,335.9857868
14354,5.333728889,33.00712,333.2978334
14355,5.334043333,33.01278,340.8688369
14356,5.334295556,33.01732,338.1815797
14357,5.334546944,33.021845,338.7290687
14358,5.3348,33.0264,342.2496032
14359,5.335053889,33.03097,340.6162446
14360,5.335372222,33.0367,338.2887582
14361,5.335684722,33.042325,339.5666125
14362,5.335934167,33.046815,338.7499263
14363,5.336186111,33.05135,340.4875009
14364,5.336435278,33.055835,340.9651673
14365,5.336683333,33.0603,339.6928345
14366,5.336998333,33.06597,337.6797331
14367,5.337310833,33.071595,339.4613293
14368,5.337558611,33.076055,341.6577008
14369,5.337807222,33.08053,342.8797519
14370,5.3380575,33.085035,341.3231989
14371,5.338311389,33.089605,337.6779191
14372,5.338629167,33.095325,333.6785986
14373,5.338942778,33.10097,337.4065426
14374,5.339191389,33.105445,337.5628178
14375,5.339441667,33.10995,334.168427
14376,5.339694722,33.114505,328.1440448
14377,5.339948611,33.119075,331.8395316
14378,5.340261111,33.1247,335.3509254
14379,5.340570833,33.130275,334.9567867
14380,5.340821389,33.134785,333.7616532
14381,5.341072778,33.13931,327.660814
14382,5.341321111,33.14378,326.4743372
14383,5.341569722,33.148255,325.0942591
14384,5.341886944,33.153965,323.3334564
14385,5.342200278,33.159605,321.3591196
14386,5.342454167,33.164175,320.4445318
14387,5.342703889,33.16867,318.4428811
14388,5.342954167,33.173175,317.5612842
14389,5.343205556,33.1777,317.5827508
14390,5.343520556,33.18337,317.4670359
14391,5.343835,33.18903,324.4953578
14392,5.344084444,33.19352,324.8176604
14393,5.344335833,33.198045,329.8024956
14394,5.344586944,33.202565,330.151289
14395,5.344835556,33.20704,328.8336055
14396,5.345146389,33.212635,327.6211134
14397,5.345455,33.21819,332.5612786
14398,5.345706111,33.22271,335.9011842
14399,5.345956667,33.22722,337.1839334
14400,5.346207222,33.23173,338.8888758
14401,5.346456389,33.236215,341.2156006
14402,5.346771111,33.24188,343.4777994
14403,5.347082222,33.24748,348.4948484
14404,5.34733,33.25194,353.9225495
14405,5.347583056,33.256495,351.92094
14406,5.347831667,33.26097,348.2051015
14407,5.348081111,33.26546,348.6503764
14408,5.348396667,33.27114,348.7704697
14409,5.348710833,33.276795,349.462863
14410,5.348959167,33.281265,348.1628195
14411,5.349207778,33.28574,346.3128421
14412,5.349459167,33.290265,347.4334214
14413,5.349712222,33.29482,342.5721057
14414,5.350030278,33.29981833,337.4128073
14415,5.350343611,33.29793833,340.1189893
14416,5.350591389,33.29645167,342.2520676
14417,5.350842222,33.29494667,338.9309578
14418,5.351094722,33.29343167,338.4361462
14419,5.351346111,33.29192333,336.6489204
14420,5.351661944,33.29002833,334.282767
14421,5.351971944,33.28816833,332.7925074
14422,5.352219722,33.28668167,328.7254457
14423,5.352470833,33.285175,329.2664508
14424,5.352721111,33.28367333,328.3581817
14425,5.352976389,33.28214167,327.7728912
14426,5.353297778,33.28021333,327.1527729
14427,5.353609444,33.27834333,333.9438991
14428,5.353863333,33.27682,335.7207626
14429,5.354117222,33.27529667,330.0661506
14430,5.354368889,33.27378667,326.4142528
14431,5.35462,33.27228,318.7283916
14432,5.354934167,33.270395,310.0756665
14433,5.355243889,33.26853667,310.2457014
14434,5.355493333,33.26704,308.8341011
14435,5.355741944,33.26554833,308.5433725
14436,5.355989722,33.26406167,303.9469998
14437,5.356236389,33.26258167,308.4681919
14438,5.356547778,33.26071333,313.5247538
14439,5.356856944,33.25885833,317.1395833
14440,5.357107778,33.25735333,317.6530338
14441,5.357357778,33.25585333,319.8460815
14442,5.357609722,33.25434167,321.9005475
14443,5.357860833,33.252835,320.9036297
14444,5.358179722,33.25092167,319.7738404
14445,5.358496944,33.24901833,323.0509142
14446,5.35875,33.2475,325.2169058
14447,5.359003889,33.24597667,327.8416506
14448,5.359255278,33.24446833,326.2767448
14449,5.3595075,33.242955,326.1249185
14450,5.359818889,33.24108667,325.397934
14451,5.360125833,33.239245,327.9295971
14452,5.360378611,33.23772833,329.5886259
14453,5.360628889,33.23622667,330.0330203
14454,5.36088,33.23472,329.9655043
14455,5.361131111,33.23321333,330.6514674
14456,5.361451667,33.23129,331.614885
14457,5.361771667,33.22937,335.1938354
14458,5.362024167,33.227855,337.4790771
14459,5.362275556,33.22634667,339.7137618
14460,5.362522222,33.22486667,339.894619
14461,5.362771389,33.22337167,338.4215485
14462,5.363092778,33.22144333,336.7582876
14463,5.363411111,33.21953333,341.9080474
14464,5.363662222,33.21802667,346.0143324
14465,5.363913333,33.21652,342.1410977
14466,5.364164722,33.21501167,341.1264817
14467,5.364416111,33.21350333,341.4780563
14468,5.3647325,33.211605,340.461171
14469,5.3650475,33.209715,342.174317
14470,5.365300556,33.20819667,336.748593
14471,5.365551111,33.20669333,337.0786629
14472,5.365800556,33.20519667,330.005129
14473,5.366050833,33.203695,329.3595824
14474,5.366365833,33.201805,329.1343704
14475,5.366676667,33.20018,334.6356165
14476,5.366925556,33.20466,336.4200412
14477,5.367177222,33.20919,332.0217273
14478,5.367426667,33.21368,333.6764143
14479,5.367674444,33.21814,331.3346103
14480,5.367986111,33.22375,328.7834536
14481,5.368293333,33.22928,335.2987606
14482,5.368542778,33.23377,343.6199281
14483,5.368795,33.23831,345.528164
14484,5.369044167,33.242795,347.0961938
14485,5.369293611,33.247285,347.7551663
14486,5.369608333,33.25295,347.5997142
14487,5.369916667,33.2585,346.5716371
14488,5.370165556,33.26298,344.4959624
14489,5.370413889,33.26745,343.2494414
14490,5.370663333,33.27194,338.5390644
14491,5.370918333,33.27653,340.7820603
14492,5.371237222,33.28227,341.9370957
14493,5.371550556,33.28791,348.2415128
14494,5.371801667,33.29243,347.6322751
14495,5.372052222,33.29694,343.6280458
14496,5.372300833,33.301415,340.481149
14497,5.372549444,33.30589,341.3676468
14498,5.372868056,33.311625,342.0303638
14499,5.373179167,33.317225,345.0825474
14500,5.373425,33.32165,347.3523688
14501,5.373678889,33.32622,344.5863607
14502,5.373928333,33.33071,338.2006184
14503,5.374173889,33.33513,332.7399056
14504,5.374488333,33.34079,327.1829202
14505,5.374803611,33.346465,329.2355571
14506,5.375053056,33.350955,332.0213234
14507,5.375304444,33.35548,327.4813308
14508,5.375556389,33.360015,329.4895998
14509,5.375812222,33.36462,322.4473646
14510,5.376129722,33.370335,315.2157385
14511,5.376441667,33.37595,315.5530432
14512,5.376691389,33.380445,312.4472407
14513,5.376941667,33.38495,316.3228151
14514,5.377193056,33.389475,313.6820699
14515,5.377441667,33.39395,309.0155728
14516,5.377754722,33.399585,304.3853436
14517,5.378064444,33.40516,309.9351529
14518,5.378314167,33.409655,313.8676368
14519,5.378564444,33.41416,314.7771962
14520,5.378816111,33.41869,316.4074681
14521,5.379064167,33.423155,318.845048
14522,5.379378056,33.428805,321.5390346
14523,5.379688333,33.43439,326.8840215
14524,5.379936944,33.438865,333.693279
14525,5.380186667,33.44336,333.9440367
14526,5.380435833,33.447845,332.5071261
14527,5.3806825,33.452285,331.8821885
14528,5.380998611,33.457975,330.6319547
14529,5.381309722,33.463575,334.1592083
14530,5.381559167,33.468065,335.6615552
14531,5.381807222,33.47253,336.5436133
14532,5.382055,33.47699,335.8721125
14533,5.382306389,33.481515,333.9378209
14534,5.382620556,33.48717,331.6395524
14535,5.382932222,33.49278,334.3650945
14536,5.383182778,33.49729,335.691156
14537,5.383435833,33.501845,337.0171618
14538,5.383684167,33.506315,338.3969247
14539,5.383934722,33.510825,339.4750743
14540,5.3842525,33.516545,340.3823055
14541,5.384565,33.52217,342.2194
14542,5.384820278,33.526765,341.3704709
14543,5.385073889,33.53133,339.8906068
14544,5.385327222,33.53589,342.0084111
14545,5.385576667,33.54038,337.7561754
14546,5.385895556,33.54612,333.1967806
14547,5.386213333,33.55184,340.065075
14548,5.386461944,33.556315,341.9686723
14549,5.386710833,33.560795,337.4822966
14550,5.386961944,33.565315,333.6753009
14551,5.387213056,33.569835,330.9044518
14552,5.387529444,33.57553,327.7694981
14553,5.387841111,33.58114,327.7223803
14554,5.388089444,33.58561,328.6258025
14555,5.388337222,33.59007,326.7363705
14556,5.3885875,33.594575,325.2775352
14557,5.388835,33.59903,327.8534569
14558,5.389150556,33.60471,330.7507849
14559,5.389465556,33.61038,333.1578248
14560,5.389716667,33.6149,337.9939837
14561,5.389967222,33.61941,339.2025247
14562,5.390218333,33.62393,336.4838742
14563,5.390471389,33.628485,336.3788287
14564,5.390785,33.63413,335.4676162
14565,5.391093611,33.639685,341.3260278
14566,5.391341111,33.64414,337.8027556
14567,5.391589167,33.648605,335.2216657
14568,5.391842222,33.65316,335.1484216
14569,5.392091389,33.657645,333.2826532
14570,5.392408611,33.663355,330.6707105
14571,5.392724167,33.669035,333.1475014
14572,5.392974167,33.673535,334.998769
14573,5.393220278,33.677965,341.2675238
14574,5.393471111,33.68248,341.4829201
14575,5.393722778,33.68701,336.3696423
14576,5.394038889,33.6927,331.2802994
14577,5.394349444,33.69829,333.9500672
14578,5.394596111,33.70273,333.9406961
14579,5.394846389,33.707235,335.4605719
14580,5.395094167,33.711695,336.1527432
14581,5.395341667,33.71615,335.7363556
14582,5.395656944,33.721825,335.4623195
14583,5.395972222,33.7275,339.4947122
14584,5.396222778,33.73201,343.4793018
14585,5.396474167,33.736535,342.2939564
14586,5.396728889,33.74112,341.7717059
14587,5.3969775,33.745595,342.1179698
14588,5.3972925,33.751265,340.8327799
14589,5.397606667,33.75692,341.3860542
14590,5.3978525,33.761345,337.6624068
14591,5.398101389,33.765825,333.5192022
14592,5.398357778,33.77044,332.0378237
14593,5.398610833,33.774995,336.4926439
14594,5.398924444,33.78064,340.7146386
14595,5.399235833,33.786245,340.3220142
14596,5.399484444,33.79072,338.0422263
14597,5.399733056,33.795195,334.9474783
14598,5.399982778,33.79969,338.0656524
14599,5.400228611,33.79862833,332.9970011
14600,5.400542778,33.79674333,328.0615963
14601,5.4008525,33.794885,332.8279439
14602,5.401101944,33.79338833,339.2293053
14603,5.401351389,33.79189167,337.1003705
14604,5.401603611,33.79037833,338.1004377
14605,5.401853889,33.78887667,342.2196214
14606,5.402173056,33.78696167,346.1477297
14607,5.402488056,33.78507167,350.6894643
14608,5.402739722,33.78356167,349.7067883
14609,5.402990833,33.782055,350.3508007
14610,5.403238333,33.78057,347.7225462
14611,5.403490556,33.77905667,352.5576596
14612,5.403809722,33.77714167,356.9647411
14613,5.404123611,33.77525833,362.631512
14614,5.404375833,33.773745,360.1162195
14615,5.404624444,33.77225333,358.722038
14616,5.404876667,33.77074,360.0767867
14617,5.405125278,33.76924833,358.2951985
14618,5.405441389,33.76735167,355.7856067
14619,5.405753056,33.76548167,360.7299959
14620,5.406003611,33.76397833,363.4508238
14621,5.406255833,33.762465,366.066052
14622,5.406504167,33.760975,360.1486226
14623,5.406757222,33.75945667,357.0325298
14624,5.407073333,33.75756,353.5511031
14625,5.407389444,33.75566333,355.382885
14626,5.407640833,33.754155,356.4941193
14627,5.407886667,33.75268,352.9671382
14628,5.408135,33.75119,355.717087
14629,5.408383611,33.74969833,343.7761657
14630,5.408699722,33.74780167,331.6079473
14631,5.409009444,33.74594333,329.813367
14632,5.40926,33.74444,328.949256
14633,5.409511389,33.74293167,332.5272889
14634,5.409766944,33.74139833,332.0366418
14635,5.410015556,33.73990667,331.831333
14636,5.410326111,33.73804333,331.6301684
14637,5.410638889,33.73616667,335.4915742
14638,5.410888889,33.73466667,338.08894
14639,5.411141944,33.73314833,332.9692898
14640,5.4113925,33.731645,330.3554991
14641,5.411645833,33.730125,326.5617112
14642,5.411963611,33.72821833,322.1489665
14643,5.412276111,33.72634333,321.7464749
14644,5.412523889,33.72485667,325.4679982
14645,5.412775,33.72335,324.8766424
14646,5.413026111,33.72184333,324.7275274
14647,5.413278611,33.72032833,319.4734076
14648,5.413589444,33.71846333,313.647947
14649,5.413895556,33.71662667,314.4452215
14650,5.414143056,33.71514167,311.7906738
14651,5.414393333,33.71364,312.7886542
14652,5.414642778,33.71214333,306.6395043
14653,5.414894167,33.710635,305.7595242
14654,5.415205556,33.70876667,304.681971
14655,5.415516111,33.70690333,305.9350734
14656,5.415766667,33.7054,306.570187
14657,5.416020556,33.70387667,312.7331533
14658,5.416273056,33.70236167,313.8127765
14659,5.416522222,33.70086667,318.6624726
14660,5.416844722,33.70106833,323.4742079
14661,5.417158333,33.70295,329.690101
14662,5.417410278,33.70446167,331.2741009
14663,5.417658889,33.70595333,328.6918596
14664,5.417911944,33.70747167,330.5978847
14665,5.418161389,33.70896833,326.1909692
14666,5.4184775,33.710865,321.8232541
14667,5.418790278,33.71274167,327.2449184
14668,5.419039722,33.71423833,326.4977152
14669,5.419288889,33.71573333,322.2418809
14670,5.419538889,33.71723333,316.1400242
14671,5.41979,33.71874,316.4877025
14672,5.420106111,33.72063667,315.9692829
14673,5.4204175,33.722505,317.1653064
14674,5.420664167,33.723985,317.195361
14675,5.420912778,33.72547667,318.2640367
14676,5.421163333,33.72698,321.8739542
14677,5.421409167,33.728455,318.9458651
14678,5.421723333,33.73034,316.2533516
14679,5.4220325,33.732195,318.286203
14680,5.422281389,33.73368833,323.2963008
14681,5.42253,33.73518,321.7736158
14682,5.422777778,33.73666667,319.3416052
14683,5.423026111,33.73815667,323.2066389
14684,5.423346111,33.74007667,326.2897595
14685,5.423663056,33.74197833,331.7490313
14686,5.423909722,33.74345833,330.3490955
14687,5.424156389,33.74493833,327.246818
14688,5.424405278,33.74643167,324.356267
14689,5.424659167,33.747955,325.0368336
14690,5.424978056,33.74986833,325.8101235
14691,5.425295,33.75177,326.2024483
14692,5.425543056,33.75325833,326.1991474
14693,5.425788333,33.75473,332.5274812
14694,5.42604,33.75624,327.9814708
14695,5.426292222,33.75775333,328.7208965
14696,5.426608333,33.75965,327.8834865
14697,5.426920833,33.761525,326.856939
14698,5.4271675,33.763005,326.3191865
14699,5.427416111,33.76449667,328.7214428
14700,5.427666389,33.76599833,328.1667366
14701,5.427916389,33.76749833,329.563883
14702,5.428231944,33.76939167,332.1005885
14703,5.428546389,33.77127833,332.5647055
14704,5.428794722,33.77276833,336.8578193
14705,5.429043333,33.77426,337.7127034
14706,5.429295833,33.775775,337.4041627
14707,5.429545833,33.777275,340.1616816
14708,5.429864167,33.779185,341.764471
14709,5.4301775,33.781065,344.3533889
14710,5.430428889,33.78257333,344.8224378
14711,5.430677222,33.78406333,340.2082364
14712,5.430930833,33.785585,338.8740295
14713,5.431185278,33.78711167,342.0957134
14714,5.431501389,33.78900833,345.5167738
14715,5.431811944,33.79087167,347.1898216
14716,5.432065833,33.792395,344.610276
14717,5.432319167,33.793915,346.7507711
14718,5.432571389,33.79542833,351.0693086
14719,5.432820833,33.796925,348.2225864
14720,5.433139444,33.79883667,345.1513668
14721,5.433453889,33.80144667,352.1313089
14722,5.433703333,33.80444,350.9432596
14723,5.433953889,33.80744667,350.8489031
14724,5.434206944,33.81048333,349.2235561
14725,5.434458333,33.8135,349.0491573
14726,5.434773333,33.81728,348.724916
14727,5.435085833,33.82103,350.7106133
14728,5.435338056,33.82405667,347.6759245
14729,5.435585,33.82702,347.2677695
14730,5.435830556,33.82996667,341.6193454
14731,5.436078333,33.83294,341.0361083
14732,5.436394722,33.83673667,340.7884111
14733,5.436708056,33.84049667,345.0896201
14734,5.436956389,33.84347667,345.1648902
14735,5.437206111,33.84647333,341.3554657
14736,5.437457778,33.84949333,338.1862427
14737,5.437713611,33.85256333,336.6828182
14738,5.438029167,33.85635,333.4537875
14739,5.438336944,33.86004333,333.2660161
14740,5.438586389,33.86303667,330.6709732
14741,5.438839722,33.86607667,329.8453769
14742,5.439091667,33.8691,328.2640736
14743,5.439344167,33.87213,327.3544933
14744,5.4396575,33.87589,326.753696
14745,5.439975278,33.87970333,327.3362255
14746,5.440231389,33.88277667,326.6209583
14747,5.440484167,33.88581,328.2293667
14748,5.440734722,33.88881667,331.4186155
14749,5.440986667,33.89184,324.0931298
14750,5.441305556,33.89566667,315.8211745
14751,5.441618056,33.89941667,318.1180308
14752,5.441865833,33.90239,322.0217569
14753,5.442115278,33.90538333,326.3972884
14754,5.44237,33.90844,326.2356274
14755,5.442618889,33.91142667,325.1629593
14756,5.442930278,33.91516333,325.0803931
14757,5.443238056,33.91885667,324.4991771
14758,5.443491389,33.92189667,330.92326
14759,5.443741667,33.9249,330.3438169
14760,5.443989167,33.92787,332.2922878
14761,5.444237222,33.93084667,331.06155
14762,5.444550556,33.93460667,327.8594063
14763,5.444863611,33.93836333,327.0421316
14764,5.445113056,33.94135667,329.8358315
14765,5.445358333,33.9443,329.8161569
14766,5.445603056,33.94723667,329.0729662
14767,5.44585,33.9502,326.064941
14768,5.446165278,33.95398333,322.8206259
14769,5.4464775,33.95773,321.3120249
14770,5.446724167,33.96069,314.2321284
14771,5.4469725,33.96367,316.2716144
14772,5.447223056,33.96667667,314.5408949
14773,5.447474444,33.96969333,315.2662807
14774,5.447789722,33.97347667,315.1269618
14775,5.448098611,33.97718333,314.6891588
14776,5.448347222,33.98016667,316.5313674
14777,5.448600278,33.98320333,316.2535802
14778,5.448851389,33.98621667,314.7272544
14779,5.449101944,33.98922333,316.3242088
14780,5.449416944,33.99300333,317.8267813
14781,5.449726944,33.99672333,324.3530916
14782,5.449974444,33.99969333,325.0766354
14783,5.450224722,34.00134833,323.1440632
14784,5.4504725,34.002835,321.0665939
14785,5.450725278,34.00435167,320.8595095
14786,5.451038889,34.00623333,321.6317046
14787,5.451353333,34.00812,326.1709838
14788,5.451606111,34.00963667,324.088533
14789,5.451864167,34.011185,321.1565341
14790,5.452119167,34.012715,316.4253788
14791,5.452370556,34.01422333,314.5108278
14792,5.452682778,34.01609667,311.9323209
14793,5.452993611,34.01796167,313.3616204
14794,5.453241944,34.01945167,316.8062486
14795,5.453491667,34.02095,319.4032101
14796,5.453744444,34.02246667,322.1789605
14797,5.453996111,34.02397667,319.4130447
14798,5.454311111,34.02586667,315.601647
14799,5.454625278,34.02775167,321.1542579
14800,5.454880278,34.02928167,319.6090958
14801,5.4551325,34.030795,322.5123509
14802,5.455383611,34.03230167,313.8023375
14803,5.455633889,34.03380333,317.6622158
14804,5.455950556,34.03570333,322.0461157
14805,5.456266389,34.03759833,323.1137562
14806,5.456519722,34.03911833,330.2858574
14807,5.456770833,34.040625,328.5636383
14808,5.457021111,34.04212667,328.3033517
14809,5.457268056,34.04360833,331.6226015
14810,5.457584167,34.045505,334.9678996
14811,5.4578975,34.047385,336.6110163
14812,5.458150556,34.04890333,339.2347059
14813,5.458403889,34.05042333,343.0938616
14814,5.458656667,34.05194,338.0993876
14815,5.45891,34.05346,339.7364002
14816,5.459226389,34.05535833,340.3017878
14817,5.459539444,34.05723667,340.7301975
14818,5.459786111,34.05871667,341.4333192
14819,5.46004,34.06024,343.1066062
14820,5.46029,34.06174,340.2868547
14821,5.460538889,34.06323333,341.3107988
14822,5.460858889,34.06515333,343.3985545
14823,5.461170833,34.067025,347.4849297
14824,5.461417222,34.06850333,355.0573469
14825,5.461661944,34.06997167,358.532099
14826,5.461908056,34.07144833,360.1445401
14827,5.462158333,34.07295,359.8695651
14828,5.462476111,34.07485667,358.546667
14829,5.462789444,34.07673667,366.9662168
14830,5.463038333,34.07823,367.3116951
14831,5.463286944,34.07972167,367.6923921
14832,5.463537778,34.08122667,364.2595281
14833,5.463788333,34.08273,362.5290282
14834,5.464103611,34.08462167,360.8530231
14835,5.464415,34.08649,367.0272138
14836,5.464664444,34.08798667,368.5892252
14837,5.464909444,34.08945667,372.4707158
14838,5.465155278,34.09093167,376.0987173
14839,5.465400278,34.09240167,376.2026919
14840,5.465713889,34.09428333,375.8140197
14841,5.4660225,34.096135,385.1635726
14842,5.466273611,34.09764167,386.8473005
14843,5.466526111,34.09915667,393.7344524
14844,5.466776111,34.10131333,394.6724632
14845,5.467030278,34.10436333,398.6075192
14846,5.467347222,34.10816667,398.6094417
14847,5.467658333,34.1119,396.3127523
14848,5.467911111,34.11493333,393.3841904
14849,5.468164167,34.11797,397.3780083
14850,5.468415,34.12098,392.2794355
14851,5.468666944,34.12400333,388.1808749
14852,5.468974167,34.12769,382.8531966
14853,5.469282778,34.13139333,382.6894965
14854,5.469532222,34.13438667,379.3509995
14855,5.469783333,34.1374,374.3658276
14856,5.470031944,34.14038333,375.0533995
14857,5.470281389,34.14337667,375.6612689
14858,5.470593333,34.14712,376.9837327
14859,5.470903611,34.15084333,377.7209067
14860,5.4711525,34.15383,378.344095
14861,5.471407222,34.15688667,379.2816772
14862,5.471658611,34.15990333,380.5121018
14863,5.471908611,34.16290333,380.2030721
14864,5.472228611,34.16674333,378.3216497
14865,5.472544167,34.17053,382.685242
14866,5.472793056,34.17351667,385.1812423
14867,5.473041944,34.17650333,382.5448232
14868,5.473290278,34.17948333,383.5910062
14869,5.473539722,34.18247667,384.8750234
14870,5.473860556,34.18632667,386.5336911
14871,5.474178611,34.19014333,381.6987953
14872,5.474431389,34.19317667,384.7016733
14873,5.474681944,34.19618333,387.5224069
14874,5.474930556,34.19916667,391.7984183
14875,5.475180833,34.20217,395.0848971
14876,5.475497222,34.20596667,397.4111676
14877,5.475809722,34.20971667,399.958918
14878,5.47606,34.21272,399.6363882
14879,5.476310278,34.21572333,397.4505888
14880,5.476560556,34.21872667,396.3499687
14881,5.47681,34.22172,391.7150615
14882,5.477126389,34.22551667,387.518175
14883,5.477439722,34.22927667,389.270074
14884,5.477686667,34.23224,385.2415683
14885,5.477937778,34.23525333,387.8181044
14886,5.478190833,34.23829,387.3469524
14887,5.478442778,34.24131333,389.5644977
14888,5.478757222,34.24508667,390.0573356
14889,5.479070833,34.24885,389.1114788
14890,5.479319167,34.25183,389.8645533
14891,5.479570278,34.25484333,383.7202117
14892,5.479823889,34.25788667,379.0725557
14893,5.480076111,34.26091333,376.1017733
14894,5.480392778,34.26471333,373.8554909
14895,5.480703611,34.26844333,378.1164695
14896,5.480955,34.27146,379.491841
14897,5.481210556,34.27452667,376.335542
14898,5.481460278,34.27752333,372.0573366
14899,5.481708889,34.28050667,370.9516382
14900,5.482028611,34.28434333,369.3559553
14901,5.482349167,34.28819,366.1247556
14902,5.482600833,34.29121,362.7977844
14903,5.482851111,34.29421333,360.937241
14904,5.483100556,34.29720667,358.7853339
14905,5.483349167,34.299715,352.1708786
14906,5.483663056,34.294065,345.5693834
14907,5.483976389,34.288425,349.1607133
14908,5.484223611,34.283975,347.9440582
14909,5.484473611,34.279475,347.1876413
14910,5.484723056,34.274985,344.1861224
14911,5.484971667,34.27051,343.8342224
14912,5.485289444,34.26479,342.5386081
14913,5.485605556,34.2591,345.3061911
14914,5.485856111,34.25459,341.7047273
14915,5.486105833,34.250095,343.3384958
14916,5.486357778,34.24556,335.2621424
14917,5.486608889,34.24104,337.8436117
14918,5.486923333,34.23538,340.6080483
14919,5.487233056,34.229805,336.1290868
14920,5.487482778,34.22531,340.1015547
14921,5.487733889,34.22079,340.2268337
14922,5.487983333,34.2163,339.1488707
14923,5.488234722,34.211775,334.3246831
14924,5.488550556,34.20609,329.2184603
14925,5.488861667,34.20049,327.5733833
14926,5.489112778,34.19597,326.6381269
14927,5.489361111,34.1915,322.5909433
14928,5.489613333,34.18696,318.8417529
14929,5.489863056,34.182465,316.6011002
14930,5.490176389,34.176825,314.3879903
14931,5.490489722,34.171185,316.7268072
14932,5.490740278,34.166675,318.0738003
14933,5.4909925,34.162135,314.4364779
14934,5.491240833,34.157665,310.8759562
14935,5.491488611,34.153205,311.0771279
14936,5.4918075,34.147465,310.704196
14937,5.4921225,34.141795,319.4001662
14938,5.492371111,34.13732,325.3563307
14939,5.4926225,34.132795,323.8497699
14940,5.492874722,34.128255,324.3127594
14941,5.493123056,34.123785,321.0554804
14942,5.493434722,34.118175,317.4998821
14943,5.493744722,34.112595,321.0632611
14944,5.493991111,34.10816,317.304195
14945,5.494236944,34.103735,317.0948051
14946,5.494485833,34.099255,313.5622198
14947,5.494737778,34.09472,315.5441808
14948,5.495053056,34.089045,317.2851131
14949,5.495365278,34.083425,319.6073867
14950,5.495610278,34.079015,319.7958071
14951,5.495856389,34.074585,313.2514109
14952,5.496103889,34.07013,311.8502519
14953,5.4963525,34.065655,312.8436157
14954,5.496665833,34.060015,313.0355296
14955,5.496975556,34.05444,314.4393315
14956,5.497229444,34.04987,316.2387404
14957,5.497486389,34.045245,320.2621943
14958,5.497734722,34.040775,319.6146233
14959,5.497983333,34.0363,324.5626741
14960,5.498304167,34.030525,329.2778615
14961,5.498620278,34.024835,329.8177009
14962,5.498869444,34.02035,330.8407401
14963,5.499122222,34.0158,331.8739251
14964,5.499370278,34.011335,326.2088278
14965,5.499619722,34.006845,322.278549
14966,5.499934167,34.001185,317.1265465
14967,5.500244722,34.00734167,323.727079
14968,5.500495556,34.01486667,326.8411127
14969,5.500744722,34.02234167,324.2763411
14970,5.500995,34.02985,324.0207939
14971,5.501244444,34.03733333,320.1747254
14972,5.501564444,34.04693333,316.7074026
14973,5.501881667,34.05645,319.0917359
14974,5.502129167,34.063875,314.944964
14975,5.502378611,34.07135833,312.0478029
14976,5.502630833,34.078925,313.8282001
14977,5.502883056,34.08649167,316.8896317
14978,5.503197222,34.09591667,320.0858613
14979,5.503510833,34.105325,321.8188669
14980,5.503759167,34.112775,325.3981821
14981,5.504006667,34.1202,324.4863414
14982,5.504254722,34.12764167,322.8825279
14983,5.504501111,34.13503333,323.2867483
14984,5.504811944,34.14435833,322.7200185
14985,5.505122222,34.15366667,329.2668204
14986,5.505372778,34.16118333,334.1022874
14987,5.505622222,34.16866667,329.6028162
14988,5.505876389,34.17629167,331.6886477
14989,5.506125833,34.183775,334.2139393
14990,5.506449167,34.193475,336.3885986
14991,5.5067625,34.202875,334.2396935
14992,5.507012778,34.21038333,336.4406098
14993,5.507258889,34.21776667,328.7452423
14994,5.5075075,34.225225,333.2539189
14995,5.507756944,34.23270833,338.4105779
14996,5.508073889,34.24221667,344.1939982
14997,5.508388333,34.25165,349.5769868
14998,5.508635556,34.25906667,350.19771
14999,5.5088825,34.266475,353.2313185
15000,5.509131111,34.27393333,354.9626321
15001,5.509378889,34.28136667,353.7798661
15002,5.509698611,34.29095833,352.936601
15003,5.510016389,34.30049167,356.2969798
15004,5.510273056,34.30819167,361.8860983
15005,5.51052,34.3156,363.7948428
15006,5.510771944,34.32315833,358.7846101
15007,5.511022222,34.33066667,359.981761
15008,5.511337778,34.34013333,359.7928884
15009,5.511650556,34.34951667,362.4053137
15010,5.511899444,34.35698333,360.281375
15011,5.512149167,34.364475,359.8936316
15012,5.512398889,34.37196667,360.1149651
15013,5.512645278,34.37935833,359.4845516
15014,5.5129625,34.388875,359.1834315
15015,5.5132775,34.398325,362.341428
15016,5.513528889,34.40586667,364.6807022
15017,5.513785,34.41355,362.1324812
15018,5.514033056,34.42099167,357.2171958
15019,5.514282778,34.42848333,358.536246
15020,5.514596389,34.43789167,358.4729962
15021,5.514908889,34.44726667,357.1070639
15022,5.515159167,34.454775,355.5424194
15023,5.515415,34.46245,349.6500757
15024,5.515669722,34.47009167,346.5770413
15025,5.51592,34.4776,337.5592182
15026,5.516234444,34.48703333,328.2184237
15027,5.516547222,34.49641667,331.6822951
15028,5.516803611,34.50082167,331.4183142
15029,5.517053889,34.50232333,330.4853153
15030,5.517301944,34.50381167,330.2212928
15031,5.517548611,34.50529167,326.4443665
15032,5.517865556,34.50719333,323.140661
15033,5.51818,34.50908,326.416567
15034,5.518430833,34.510585,322.4662427
15035,5.518682222,34.51209333,321.9302267
15036,5.518936667,34.51362,320.4954503
15037,5.519184722,34.51510833,324.2310619
15038,5.519498611,34.51699167,327.6141972
15039,5.519812778,34.51887667,327.7481456
15040,5.520063889,34.52038333,326.6136967
15041,5.520315278,34.52189167,330.8096613
15042,5.520565556,34.52339333,329.1451887
15043,5.520819722,34.52491833,321.5615954
15044,5.521138611,34.52683167,312.7223393
15045,5.521451667,34.52871,310.8766734
15046,5.521701389,34.53020833,305.361765
15047,5.521948889,34.53169333,296.0971524
15048,5.522198611,34.53319167,290.0196765
15049,5.522449722,34.53469833,283.8872869
15050,5.522764167,34.536585,277.9392141
15051,5.523073889,34.53844333,282.0067894
15052,5.523323333,34.53994,279.9457567
15053,5.5235775,34.541465,275.8862089
15054,5.523830278,34.54298167,276.4982866
15055,5.524085278,34.54451167,279.8729859
15056,5.524409444,34.54645667,282.5260558
15057,5.524726944,34.54836167,287.1472303
15058,5.524975278,34.54985167,289.7350729
15059,5.525224722,34.55134833,284.1902194
15060,5.5254725,34.552835,283.8483652
15061,5.525724722,34.55434833,282.9327485
15062,5.526041667,34.55625,281.877009
15063,5.526356111,34.55813667,282.2039636
15064,5.526609167,34.559655,280.1270674
15065,5.526858611,34.56115167,278.7496544
15066,5.527106111,34.56263667,275.9647966
15067,5.527355556,34.56413333,281.8230283
15068,5.527671944,34.56603167,287.619758
15069,5.527985278,34.56791167,288.9556406
15070,5.528236389,34.56941833,290.6160757
15071,5.5284875,34.570925,283.5237028
15072,5.528738056,34.57242833,282.5941199
15073,5.528993889,34.57396333,287.3552615
15074,5.5293075,34.575845,292.4019207
15075,5.529618056,34.57770833,296.451128
15076,5.529871111,34.57922667,306.2788396
15077,5.530119722,34.58071833,312.6220342
15078,5.530369444,34.58221667,311.678668
15079,5.530620556,34.58372333,316.0472714
15080,5.530935,34.58561,319.8489174
15081,5.531247222,34.58748333,321.6532225
15082,5.531497778,34.58898667,321.3867932
15083,5.531746944,34.59048167,327.2565377
15084,5.531998333,34.59199,326.7787469
15085,5.532253611,34.59352167,324.3469388
15086,5.532568333,34.59541,320.824802
15087,5.532882222,34.59729333,323.4017443
15088,5.533132222,34.59879333,332.4872597
15089,5.533380278,34.60028167,333.3516392
15090,5.533631111,34.60178667,333.0719341
15091,5.533887222,34.60332333,335.409497
15092,5.534202222,34.60521333,338.2035855
15093,5.534512222,34.60707333,341.9644275
15094,5.534762778,34.60857667,340.9576222
15095,5.535015556,34.61009333,342.0305157
15096,5.535265,34.61159,338.8065256
15097,5.535517222,34.61310333,337.0862126
15098,5.535833333,34.615,334.5243941
15099,5.536148333,34.61689,331.4730308
15100,5.536398333,34.61839,335.6245385
15101,5.536646667,34.61988,338.5309714
15102,5.536894167,34.621365,332.9871506
15103,5.537142778,34.62285667,331.7321244
15104,5.537456389,34.62473833,330.7331582
15105,5.537772222,34.62663333,337.3351265
15106,5.538021667,34.62813,344.16926
15107,5.538270556,34.62962333,344.8946757
15108,5.538519167,34.631115,345.7738133
15109,5.538768333,34.63261,348.2834037
15110,5.539087222,34.63452333,349.8142984
15111,5.539404167,34.636425,352.6350814
15112,5.539656389,34.63793833,353.1935304
15113,5.539903056,34.63941833,346.7611762
15114,5.540156389,34.64093833,352.1154774
15115,5.540409167,34.642455,354.9347804
15116,5.540726389,34.64435833,358.6291189
15117,5.541043611,34.64626167,367.8502079
15118,5.541292778,34.64775667,375.2295971
15119,5.541543333,34.64926,381.7374108
15120,5.541793889,34.65076333,387.8035387
15121,5.542044167,34.652265,393.4363061
15122,5.542362222,34.65417333,397.7162175
15123,5.542679167,34.656075,399.0766136
15124,5.542928333,34.65757,398.8069441
15125,5.543176111,34.65905667,398.3800985
15126,5.543423889,34.66054333,398.16445
15127,5.543669722,34.66201833,398.4126399
15128,5.543981111,34.66388667,399.7877002
15129,5.544291944,34.66575167,399.1044643
15130,5.544539444,34.66723667,399.1209266
15131,5.544790833,34.668745,399.1566479
15132,5.545039444,34.67023667,398.7110702
15133,5.545288889,34.67173333,392.2612781
15134,5.545601944,34.67361167,386.2305172
15135,5.545913889,34.67548333,388.9223992
15136,5.546161389,34.67696833,390.596743
15137,5.546411111,34.67846667,390.027018
15138,5.546661944,34.67997167,393.2873724
15139,5.546910556,34.68146333,393.107144
15140,5.547225,34.68335,392.9632653
15141,5.547539167,34.685235,399.0757561
15142,5.547786111,34.68671667,398.3364769
15143,5.548036389,34.68821833,397.2800814
15144,5.548288333,34.68973,395.7429808
15145,5.548540833,34.691245,395.1878966
15146,5.548858611,34.69315167,394.9927678
15147,5.549173056,34.69503833,398.58654
15148,5.549424444,34.69654667,398.6250546
15149,5.549677222,34.69806333,392.2319442
15150,5.549928611,34.69957167,383.3082645
15151,5.55018,34.70108,382.0266612
15152,5.550495278,34.70297167,375.6251516
15153,5.550806667,34.70484,371.0402734
15154,5.551054444,34.70632667,367.9773595
15155,5.551302222,34.70781333,358.6341902
15156,5.551554167,34.709325,348.7258034
15157,5.551806389,34.71083833,344.7207511
15158,5.552125278,34.71275167,341.1471919
15159,5.552439722,34.71463833,336.3018887
15160,5.552692222,34.71615333,334.8502634
15161,5.552950278,34.71770167,337.6943429
15162,5.553201667,34.71921,340.3264501
15163,5.553452222,34.72071333,342.1785596
15164,5.553766389,34.72259833,339.227624
15165,5.554082778,34.72449667,335.4806662
15166,5.554336667,34.72602,334.3105097
15167,5.554586111,34.72751667,328.9778179
15168,5.554836389,34.72901833,322.6856591
15169,5.555082222,34.73049333,319.7749974
15170,5.555395,34.73237,317.5270484
15171,5.5557075,34.734245,311.4165595
15172,5.555959722,34.73575833,306.5056156
15173,5.556212778,34.73727667,301.7923965
15174,5.556461389,34.73876833,296.7017829
15175,5.556714167,34.740285,297.5812796
15176,5.557035,34.74221,297.6364807
15177,5.557350278,34.74410167,296.9498642
15178,5.557600833,34.745605,297.4501615
15179,5.557853611,34.74712167,294.8680174
15180,5.558105,34.74863,293.0437515
15181,5.558355278,34.75013167,297.6926059
15182,5.558674167,34.752045,303.5806287
15183,5.558986944,34.75392167,305.930154
15184,5.559236944,34.75542167,304.4952848
15185,5.559488333,34.75693,305.5859939
15186,5.559742222,34.75845333,307.3080294
15187,5.559996389,34.75997833,310.3320747
15188,5.560310833,34.761865,312.8261299
15189,5.560621111,34.76372667,323.5043165
15190,5.560868333,34.76521,327.6503141
15191,5.56112,34.76672,326.955792
15192,5.561371667,34.76823,325.1090902
15193,5.561623056,34.76973833,328.8071774
15194,5.561937222,34.77162333,333.6673145
15195,5.562250556,34.77350333,337.1118523
15196,5.562503611,34.77502167,336.0584495
15197,5.562758611,34.77655167,336.70813
15198,5.563012778,34.77807667,336.9403218
15199,5.563264722,34.77958833,340.2128828
15200,5.563583611,34.78150167,344.3270634
15201,5.563897222,34.78338333,344.3168196
15202,5.564145,34.78487,340.3833988
15203,5.564393333,34.78636,336.9456367
15204,5.5646375,34.787825,333.1059817
15205,5.564885833,34.789315,327.7955804
15206,5.565195556,34.79117333,326.8230022
15207,5.565504722,34.79302833,330.015592
15208,5.565753889,34.79452333,325.1112916
15209,5.566003333,34.79602,317.6630548
15210,5.566252778,34.79751667,310.0747055
15211,5.566504167,34.799025,313.0993248
15212,5.5668175,34.8,313.1096778
15213,5.56713,34.8,313.3837846
15214,5.567386667,34.8,318.5288302
15215,5.567636389,34.8,319.3112047
15216,5.567886389,34.8,320.101052
15217,5.568138056,34.8,325.9203082
15218,5.568455556,34.8,323.2304708
15219,5.568768056,34.8,324.1608913
15220,5.569018611,34.8,325.934196
15221,5.569264444,34.8,325.9828042
15222,5.569514167,34.8,326.0236111
15223,5.569763333,34.8,328.3174506
15224,5.570084722,34.8,333.6685719
15225,5.570401389,34.8,331.6486728
15226,5.5706525,34.8,334.5562453
15227,5.570903056,34.8,337.900116
15228,5.5711525,34.8,339.87228
15229,5.571404722,34.8,344.1075504
15230,5.571723611,34.8,345.0429881
15231,5.572035833,34.8,339.1862586
15232,5.572280833,34.8,338.7704308
15233,5.572529444,34.8,331.7092667
15234,5.572779444,34.8,324.8882532
15235,5.573030278,34.8,320.3338897
15236,5.573346944,34.8,318.1875362
15237,5.573658889,34.8,318.6213895
15238,5.573909167,34.8,314.9972232
15239,5.5741575,34.8,311.5406969
15240,5.574406111,34.8,308.0625023
15241,5.574655833,34.8,309.5435485
15242,5.574975278,34.8,312.096418
15243,5.575290556,34.8,314.2588892
15244,5.575539167,34.8,316.9394889
15245,5.575789444,34.8,312.3331226
15246,5.576039167,34.8,306.7583821
15247,5.576291944,34.8,306.0645605
15248,5.57661,34.8,308.6062409
15249,5.576920833,34.8,311.3880151
15250,5.577169444,34.8,311.8073252
15251,5.577421389,34.8,309.3898551
15252,5.577670278,34.8,307.0239031
15253,5.577923056,34.8,313.3022138
15254,5.578241111,34.8,309.6205518
15255,5.578557222,34.8,305.7840599
15256,5.578810278,34.8,302.5126097
15257,5.579061389,34.8,303.8563285
15258,5.579315,34.8,304.7386866
15259,5.579568056,34.8,307.3425199
15260,5.579883889,34.8,311.6683457
15261,5.580198056,34.8,308.6560894
15262,5.580447778,34.8,309.0952694
15263,5.580695278,34.8,305.8516829
15264,5.580946667,34.8,303.0279317
15265,5.581195833,34.8,306.238923
15266,5.581513889,34.8,312.8053387
15267,5.5818275,34.8,311.5105761
15268,5.582079444,34.8,312.8307479
15269,5.582333889,34.8,311.2470407
15270,5.582588611,34.8,308.6987312
15271,5.582839722,34.8,311.0306385
15272,5.583151667,34.8,309.6044033
15273,5.583459722,34.80151667,310.6859303
15274,5.583707778,34.80449333,313.5297575
15275,5.583956667,34.80748,311.9046144
15276,5.584206944,34.81048333,310.0305886
15277,5.584455556,34.81346667,311.0007163
15278,5.584777222,34.81732667,315.9113705
15279,5.585088611,34.82106333,316.4086827
15280,5.585338333,34.82406,312.9838423
15281,5.585589444,34.82707333,314.8834765
15282,5.585841667,34.8301,316.7313422
15283,5.586091111,34.83309333,321.8828282
15284,5.586406944,34.83688333,324.6107969
15285,5.586721667,34.84066,327.1483812
15286,5.586971667,34.84366,326.6687226
15287,5.587218889,34.84662667,322.2497643
15288,5.587469167,34.84963,317.8537884
15289,5.587719167,34.85263,317.6435342
15290,5.588034444,34.85641333,315.9561685
15291,5.588343611,34.86012333,312.7517867
15292,5.588593056,34.86311667,308.9309688
15293,5.5888425,34.86611,305.5309496
15294,5.589091667,34.8691,300.811693
15295,5.589340556,34.87208667,305.1845722
15296,5.589651111,34.87581333,308.6821703
15297,5.589963611,34.87956333,302.6297531
15298,5.590216667,34.8826,307.3249473
15299,5.590467778,34.88561333,308.1794828
15300,5.590714722,34.88857667,309.212219
15301,5.590965,34.89158,313.7751474
15302,5.591280278,34.89536333,314.1756949
15303,5.591590556,34.89908667,315.0668888
15304,5.591840278,34.90208333,314.1027161
15305,5.592093333,34.90512,312.3672062
15306,5.592340833,34.90809,311.4566231
15307,5.592588611,34.91106333,313.0592276
15308,5.592905833,34.91487,315.3343405
15309,5.593223889,34.91868667,322.5184599
15310,5.5934725,34.92167,326.4679753
15311,5.593720833,34.92465,326.1329718
15312,5.593968611,34.92762333,324.5856169
15313,5.594214167,34.93057,332.3830214
15314,5.594529167,34.93435,333.6292855
15315,5.594842222,34.93810667,339.8265475
15316,5.595092222,34.94110667,343.5797049
15317,5.595344722,34.94413667,343.0140326
15318,5.595595,34.94714,341.5530563
15319,5.595848611,34.95018333,350.5377297
15320,5.596166944,34.95400333,354.3597584
15321,5.596481111,34.95777333,355.3865237
15322,5.596733611,34.96080333,359.9413457
15323,5.596985556,34.96382667,358.4098129
15324,5.597236111,34.96683333,357.4753991
15325,5.5974875,34.96985,358.8724175
15326,5.597803333,34.97364,357.8046236
15327,5.598116944,34.97740333,358.8789059
15328,5.598365556,34.98038667,353.4775483
15329,5.598616667,34.9834,347.0316638
15330,5.598867778,34.98641333,339.5452548
15331,5.599121111,34.98945333,336.0338775
15332,5.599441667,34.9933,333.6354342
15333,5.599752222,34.99702667,330.993748
15334,5.600004444,35.00002667,334.3877638
15335,5.600254167,35.001525,329.6003146
15336,5.600504167,35.003025,324.4617775
15337,5.6007575,35.004545,330.5759118
15338,5.601072778,35.00643667,331.9312375
15339,5.601385278,35.00831167,335.6026117
15340,5.601634444,35.00980667,334.9454327
15341,5.601885,35.01131,337.5858944
15342,5.602135556,35.01281333,341.1851657
15343,5.602382222,35.01429333,340.7170659
15344,5.602699167,35.016195,341.969648
15345,5.603010833,35.018065,337.5878502
15346,5.603261944,35.01957167,335.7443041
15347,5.603513333,35.02108,332.3616769
15348,5.603762778,35.02257667,327.6128565
15349,5.604011667,35.02407,327.352927
15350,5.604329444,35.02597667,322.6630066
15351,5.604641111,35.02784667,318.1175158
15352,5.604891389,35.02934833,318.8097959
15353,5.605136944,35.03082167,312.3769592
15354,5.605386667,35.03232,306.3782449
15355,5.605638611,35.03383167,302.0720243
15356,5.605956667,35.03574,302.8524853
15357,5.606271111,35.03762667,301.7482472
15358,5.606523056,35.03913833,302.4916833
15359,5.606773889,35.04064333,302.1743066
15360,5.607026667,35.04216,300.977229
15361,5.607275278,35.04365167,303.7348786
15362,5.607589722,35.04553833,308.834041
15363,5.607901944,35.04741167,309.9203997
15364,5.608151389,35.04890833,313.8678354
15365,5.608403056,35.05041833,307.9663526
15366,5.608651389,35.05190833,301.2955122
15367,5.608900833,35.053405,303.4563134
15368,5.609219722,35.05531833,306.7751365
15369,5.609535833,35.057215,305.1309954
15370,5.609787222,35.05872333,303.802539
15371,5.610041111,35.06024667,307.4784853
15372,5.610291667,35.06175,310.1570085
15373,5.610544444,35.06326667,317.6818733
15374,5.610861667,35.06517,316.1386764
15375,5.611175,35.06705,317.9322555
15376,5.611424444,35.06854667,313.4612086
15377,5.611672222,35.07003333,312.2788976
15378,5.611920556,35.07152333,310.3543866
15379,5.612171944,35.07303167,312.0212317
15380,5.612486389,35.07491833,308.7358151
15381,5.612800556,35.07680333,304.0165306
15382,5.613053611,35.07832167,298.3506664
15383,5.613304167,35.079825,294.6043456
15384,5.613556389,35.08133833,291.2458159
15385,5.6138075,35.082845,290.3053031
15386,5.614124444,35.08474667,293.0556799
15387,5.614437222,35.08662333,292.9250098
15388,5.614685833,35.088115,291.7115422
15389,5.614939722,35.08963833,290.7567231
15390,5.615189444,35.09113667,290.3296168
15391,5.615440278,35.09264167,295.1992145
15392,5.615755556,35.09453333,301.025038
15393,5.616067222,35.09640333,303.0501604
15394,5.616318611,35.09791167,307.4531176
15395,5.616567778,35.09940667,308.9257741
15396,5.616817222,35.10180667,309.2861542
15397,5.617067778,35.10481333,320.6553579
15398,5.617381111,35.10857333,327.1144393
15399,5.617691944,35.11230333,328.6954476
15400,5.617944167,35.11533,324.2773851
15401,5.618191111,35.11829333,324.1930931
15402,5.618441389,35.12129667,324.1701477
15403,5.61869,35.12428,330.8754189
15404,5.619008333,35.1281,335.5203177
15405,5.619319167,35.13183,338.8014772
15406,5.619565278,35.13478333,334.6801587
15407,5.619813611,35.13776333,330.9168736
15408,5.620065833,35.14079,327.9230327
15409,5.6203125,35.14375,332.954597
15410,5.620630278,35.14756333,333.6562167
15411,5.620943889,35.15132667,330.7385091
15412,5.6211925,35.15431,329.7425241
15413,5.621444722,35.15733667,331.2384275
15414,5.621695,35.16034,331.8200948
15415,5.621946111,35.16335333,340.8827082
15416,5.622259722,35.16711667,347.5481815
15417,5.622568333,35.17082,341.1005962
15418,5.622817222,35.17380667,344.7076128
15419,5.62307,35.17684,345.0384336
15420,5.623324167,35.17989,345.0450196
15421,5.623574722,35.18289667,349.1289465
15422,5.623895556,35.18674667,348.0098229
15423,5.624214444,35.19057333,349.0300256
15424,5.624465556,35.19358667,349.238941
15425,5.624719722,35.19663667,343.0821761
15426,5.62497,35.19964,337.3601663
15427,5.625223056,35.20267667,339.4498881
15428,5.625533889,35.20640667,342.9373961
15429,5.625845,35.21014,347.1863109
15430,5.626093056,35.21311667,350.6042493
15431,5.626346944,35.21616333,347.1882982
15432,5.626596389,35.21915667,342.1629263
15433,5.626849722,35.22219667,351.8173407
15434,5.627169167,35.22603,354.466559
15435,5.62748,35.22976,356.8656795
15436,5.627731944,35.23278333,354.7132182
15437,5.627983333,35.2358,352.8214863
15438,5.628238611,35.23886333,351.181489
15439,5.628488611,35.24186333,357.4499986
15440,5.628805833,35.24567,354.638204
15441,5.629120833,35.24945,354.9508679
15442,5.629371111,35.25245333,357.8240375
15443,5.629622778,35.25547333,355.6845233
15444,5.6298775,35.25853,353.8113059
15445,5.630130556,35.26156667,357.2978622
15446,5.630446944,35.26536333,354.7086392
15447,5.630764167,35.26917,354.7036682
15448,5.631015833,35.27219,347.1207544
15449,5.631261111,35.27513333,343.1200023
15450,5.631508611,35.27810333,338.0487596
15451,5.631758056,35.28109667,335.9659373
15452,5.632075278,35.28490333,333.4452977
15453,5.632391389,35.28869667,333.8364699
15454,5.632641944,35.29170333,335.4982063
15455,5.632894167,35.29473,334.2332933
15456,5.633143611,35.29772333,332.2351887
15457,5.633398333,35.3,335.6923957
15458,5.633711944,35.3,338.8730849
15459,5.634022222,35.3,345.6378811
15460,5.63427,35.3,343.588061
15461,5.634521944,35.3,344.9823158
15462,5.634769722,35.3,347.3491071
15463,5.63502,35.3,347.5341152
15464,5.635340833,35.3,349.9270198
15465,5.635656944,35.3,349.066167
15466,5.635909167,35.3,348.3902878
15467,5.636159722,35.3,342.0856198
15468,5.63641,35.3,335.4310482
15469,5.636657778,35.3,336.8764015
15470,5.636973611,35.3,329.2058947
15471,5.637289167,35.3,324.7141931
15472,5.637538611,35.3,329.2108483
15473,5.637789444,35.3,327.2158438
15474,5.638041667,35.3,324.7851952
15475,5.638294722,35.3,325.9714031
15476,5.638613056,35.3,322.1644238
15477,5.638923889,35.3,320.6740162
15478,5.639174722,35.3,323.8240835
15479,5.639425556,35.3,324.2939506
15480,5.639678611,35.3,324.2660564
15481,5.639929722,35.3,326.311536
15482,5.640253889,35.3,325.447839
15483,5.640574167,35.3,321.6538344
15484,5.640828056,35.3,321.577257
15485,5.641077222,35.3,316.3607804
15486,5.641329722,35.3,309.9406989
15487,5.641582778,35.3,307.9972619
15488,5.641896944,35.3,307.1941078
15489,5.642209444,35.3,304.871234
15490,5.642458611,35.3,304.4587343
15491,5.642706667,35.3,304.3196544
15492,5.642958889,35.3,304.2682312
15493,5.643206389,35.3,311.0259423
15494,5.643523333,35.3,309.7249312
15495,5.643837778,35.3,312.8731509
15496,5.644087222,35.3,312.5193973
15497,5.644335833,35.3,312.5873758
15498,5.644587222,35.3,312.0765505
15499,5.64484,35.3,317.8066285
15500,5.645157222,35.3,314.3064982
15501,5.645466111,35.3,315.8997333
15502,5.645719167,35.3,309.8930708
15503,5.645970556,35.3,312.7328225
15504,5.646224444,35.3,315.7708453
15505,5.646476667,35.3,314.3963189
15506,5.64679,35.3,318.7431897
15507,5.647105,35.3,316.2166898
15508,5.647356667,35.3,313.0062962
15509,5.647602222,35.3,315.7352878
15510,5.647854722,35.3,318.4938711
15511,5.648106944,35.3,321.9707132
15512,5.648424722,35.3,327.450033
15513,5.648736944,35.3,328.5597862
15514,5.648986389,35.3,328.9123725
15515,5.649237778,35.3,328.3690355
15516,5.649486389,35.3,326.6408203
15517,5.649738611,35.3,332.476653
15518,5.650051944,35.30062333,332.1303141
15519,5.650366389,35.30439667,330.056466
15520,5.650618889,35.30742667,332.1552011
15521,5.650870556,35.31044667,330.1415165
15522,5.651121389,35.31345667,327.5337027
15523,5.651370556,35.31644667,333.1517059
15524,5.651689722,35.32027667,334.9637079
15525,5.652001944,35.32402333,334.6340695
15526,5.652253333,35.32704,335.6329451
15527,5.652503611,35.33004333,336.922261
15528,5.652749722,35.33299667,338.3261753
15529,5.653,35.336,342.480326
15530,5.653311389,35.33973667,343.5589384
15531,5.653621111,35.34345333,334.8004543
15532,5.653869722,35.34643667,331.0998933
15533,5.654119444,35.34943333,329.5242106
15534,5.654368889,35.35242667,327.8618677
15535,5.654618889,35.35542667,335.7840821
15536,5.654932222,35.35918667,342.1646872
15537,5.655246667,35.36296,346.5617361
15538,5.655498889,35.36598667,350.0349826
15539,5.655748333,35.36898,345.3076443
15540,5.655996667,35.37196,339.2494981
15541,5.656248889,35.37498667,340.1665048
15542,5.656567222,35.37880667,338.2551288
15543,5.656881389,35.38257667,339.2995511
15544,5.657131944,35.38558333,342.8244398
15545,5.657390556,35.38868667,335.7105518
15546,5.657645278,35.39174333,329.3142272
15547,5.657895556,35.39474667,327.415519
15548,5.65821,35.39852,330.2096196
15549,5.658521389,35.40225667,332.2240497
15550,5.658771944,35.40526333,336.0912543
15551,5.6590225,35.40827,334.7201893
15552,5.659275556,35.41130667,331.7522732
15553,5.659525833,35.41431,340.6338365
15554,5.659842778,35.41811333,348.9326985
15555,5.660157222,35.42188667,349.5018775
15556,5.660408333,35.4249,343.3698404
15557,5.660657778,35.42789333,341.7557692
15558,5.660914722,35.43097667,340.4051892
15559,5.661170556,35.43404667,340.4964628
15560,5.661486667,35.43784,340.2840242
15561,5.661796389,35.44155667,338.1435576
15562,5.662048889,35.44458667,338.2805802
15563,5.662299722,35.44759667,337.9148077
15564,5.662552222,35.45062667,337.8812434
15565,5.662804167,35.45365,342.0204146
15566,5.663125833,35.45751,336.5451371
15567,5.663442222,35.46130667,336.9325917
15568,5.6636925,35.46431,339.6031717
15569,5.663941111,35.46729333,341.2074357
15570,5.664191111,35.47029333,342.1987768
15571,5.664440833,35.47329,345.1824771
15572,5.664756944,35.47708333,339.7583787
15573,5.665073889,35.48088667,350.180504
15574,5.665325278,35.48390333,357.8044821
15575,5.665575833,35.48691,363.8678626
15576,5.665825278,35.48990333,370.0125381
15577,5.666073611,35.49288333,376.0054891
15578,5.666391944,35.49670333,380.2900939
15579,5.666706111,35.50023667,387.5905807
15580,5.6669575,35.501745,388.4040428
15581,5.667208611,35.50325167,385.9529542
15582,5.667456389,35.50473833,383.2243924
15583,5.667704722,35.50622833,383.326758
15584,5.668020833,35.508125,390.8085761
15585,5.668333611,35.51000167,391.9968778
15586,5.668582222,35.51149333,392.7878899
15587,5.668833333,35.513,388.7897672
15588,5.669081944,35.51449167,385.0758698
15589,5.669332778,35.51599667,387.1154532
15590,5.669647222,35.51788333,383.6434095
15591,5.669958889,35.51975333,380.8930839
15592,5.670208611,35.52125167,387.6563551
15593,5.670457778,35.52274667,385.0292124
15594,5.670710278,35.52426167,381.1100561
15595,5.670961944,35.52577167,384.1385872
15596,5.671278333,35.52767,378.5269876
15597,5.671594444,35.52956667,379.5244368
15598,5.671842778,35.53105667,382.5173212
15599,5.672096944,35.53258167,377.8678648
15600,5.6723475,35.534085,372.8005543
15601,5.672600556,35.53560333,373.197703
15602,5.672919444,35.53751667,369.1264031
15603,5.673235833,35.539415,364.4689589
15604,5.673488611,35.54093167,359.1222622
15605,5.67374,35.54244,351.017444
15606,5.673990556,35.54394333,343.0125908
15607,5.674241389,35.54544833,339.9881824
15608,5.674561389,35.54736833,340.0803491
15609,5.674873333,35.54924,338.5327257
15610,5.675124444,35.55074667,336.0271354
15611,5.675377222,35.55226333,333.7275122
15612,5.675626944,35.55376167,331.168707
15613,5.675878056,35.55526833,336.762211
15614,5.676196111,35.55717667,330.6477044
15615,5.6765075,35.559045,330.2122446
15616,5.676754722,35.56052833,330.7245117
15617,5.6770075,35.562045,328.9898487
15618,5.677254167,35.563525,327.0081655
15619,5.677503611,35.56502167,328.6927133
15620,5.677818056,35.56690833,329.900186
15621,5.678130278,35.56878167,330.4116798
15622,5.678378333,35.57027,327.0038077
15623,5.678629167,35.571775,328.8541433
15624,5.678879722,35.57327833,330.60942
15625,5.679131667,35.57479,331.5963161
15626,5.67945,35.5767,332.0062713
15627,5.679764167,35.578585,331.517158
15628,5.680014722,35.58008833,326.8803164
15629,5.680265833,35.581595,323.6729196
15630,5.680515556,35.58309333,319.9596437
15631,5.680770278,35.58462167,322.9976548
15632,5.681086389,35.58651833,325.9804061
15633,5.681394167,35.588365,327.4099175
15634,5.681645833,35.589875,323.0739001
15635,5.681898889,35.59139333,323.2512312
15636,5.68215,35.5929,323.853784
15637,5.682398611,35.59439167,321.0460643
15638,5.682717222,35.59630333,317.5633354
15639,5.683028056,35.59816833,314.5298439
15640,5.683281111,35.59968667,316.9681062
15641,5.683530556,35.60236667,314.0070317
15642,5.683778333,35.60534,309.7221012
15643,5.684029722,35.60835667,310.1375325
15644,5.6843475,35.61217,310.1436814
15645,5.684661944,35.61594333,308.3236933
15646,5.684911389,35.61893667,308.6232723
15647,5.685160833,35.62193,308.2698645
15648,5.685413889,35.62496667,308.1676323
15649,5.685670833,35.62805,305.7137594
15650,5.685985,35.63182,308.175803
15651,5.686296667,35.63556,299.188084
15652,5.686546111,35.63855333,292.3160056
15653,5.686797222,35.64156667,288.5011914
15654,5.687048611,35.64458333,283.7685774
15655,5.687296111,35.64755333,282.9930089
15656,5.687613611,35.65136333,286.8888339
15657,5.687925556,35.65510667,289.2962716
15658,5.688175278,35.65810333,291.9796568
15659,5.688432778,35.66119333,291.0941859
15660,5.688685278,35.66422333,289.9064295
15661,5.688936389,35.66723667,291.5663785
15662,5.689254444,35.67105333,292.0954803
15663,5.689566111,35.67479333,297.3805097
15664,5.689812778,35.67775333,298.0808596
15665,5.690058611,35.68070333,296.3020294
15666,5.690311667,35.68374,294.6471952
15667,5.690560833,35.68673,293.5975827
15668,5.690874444,35.69049333,290.1542776
15669,5.691189722,35.69427667,287.0052862
15670,5.691442778,35.69731333,287.9050373
15671,5.691692222,35.70030667,284.4695397
15672,5.691944722,35.70333667,280.1428262
15673,5.692195833,35.70635,282.1627129
15674,5.692513611,35.71016333,286.5628692
15675,5.692828056,35.71393667,283.4028935
15676,5.693074722,35.71689667,277.5353912
15677,5.693322222,35.71986667,275.6717346
15678,5.693571111,35.72285333,273.2190441
15679,5.693823056,35.72587667,271.4652753
15680,5.694143056,35.72971667,272.454767
15681,5.694462778,35.73355333,271.8597582
15682,5.694713333,35.73656,274.3848564
15683,5.694970833,35.73965,273.3623764
15684,5.695223889,35.74268667,273.2083513
15685,5.695467778,35.74561333,280.2746425
15686,5.695780556,35.74936667,278.6860738
15687,5.696091667,35.7531,282.6419484
15688,5.696338889,35.75606667,285.0286092
15689,5.69659,35.75908,288.1988848
15690,5.696841111,35.76209333,290.7777916
15691,5.697093333,35.76512,293.7117176
15692,5.697410556,35.76892667,291.0739179
15693,5.697722222,35.77266667,295.9877634
15694,5.697970556,35.77564667,299.194084
15695,5.698217222,35.77860667,301.0351127
15696,5.698468333,35.78162,303.3016625
15697,5.698719722,35.78463667,308.7313445
15698,5.699030833,35.78837,312.4232414
15699,5.699342222,35.79210667,320.7398627
15700,5.699594444,35.79513333,323.3028417
15701,5.699845556,35.79814667,321.4415839
15702,5.700095833,35.8,319.3883993
15703,5.700346389,35.8,322.8739987
15704,5.7006625,35.8,330.5471222
15705,5.700970556,35.8,334.5124533
15706,5.701219167,35.8,336.7743791
15707,5.701469444,35.8,339.8002634
15708,5.701719722,35.8,341.5484371
15709,5.701971111,35.8,341.7331336
15710,5.702288889,35.8,343.3996453
15711,5.702601389,35.8,343.8765162
15712,5.702850833,35.8,347.8859169
15713,5.703096667,35.8,347.340833
15714,5.703347222,35.8,346.2244967
15715,5.703596389,35.8,349.1890739
15716,5.703914444,35.8,353.6695787
15717,5.704228889,35.8,350.5916184
15718,5.704481944,35.8,349.4736099
15719,5.704733333,35.8,341.7107426
15720,5.704984444,35.8,333.8789713
15721,5.705235556,35.8,333.4260281
15722,5.705556389,35.8,331.0761391
15723,5.705873889,35.8,334.8744663
15724,5.706123056,35.8,333.3065492
15725,5.706374167,35.8,329.0759088
15726,5.706623889,35.8,325.5270493
15727,5.706877778,35.8,332.3354142
15728,5.707200278,35.8,337.781591
15729,5.707518056,35.8,333.2625009
15730,5.707768889,35.8,332.878677
15731,5.708020833,35.8,330.9111415
15732,5.708275833,35.8,328.2217074
15733,5.708529722,35.8,331.8190138
15734,5.708847778,35.8,329.7222658
15735,5.7091675,35.8,336.8971222
15736,5.709421389,35.8,338.7031632
15737,5.709675556,35.8,340.7008984
15738,5.709925278,35.8,342.3732712
15739,5.710176667,35.8,348.8508863
15740,5.7104925,35.8,350.8734441
15741,5.710800278,35.8,351.081948
15742,5.711048889,35.8,352.2356594
15743,5.7113,35.8,350.9353492
15744,5.711554167,35.8,349.6275738
15745,5.711803889,35.8,355.1026105
15746,5.71212,35.8,353.911862
15747,5.712430556,35.8,352.093922
15748,5.712676389,35.8,347.272357
15749,5.712923056,35.8,339.7732805
15750,5.713171667,35.8,331.3974149
15751,5.713423611,35.8,329.041959
15752,5.713742778,35.8,328.4158619
15753,5.714058889,35.8,327.2365553
15754,5.71431,35.8,324.9822139
15755,5.714558611,35.8,324.0643265
15756,5.714809167,35.8,323.2055172
15757,5.715060278,35.8,321.3776362
15758,5.715368333,35.8,320.6645158
15759,5.715679722,35.8,325.8391917
15760,5.715928611,35.8,328.7630579
15761,5.716177222,35.8,330.0118988
15762,5.716427222,35.8,330.5505177
15763,5.716676667,35.80012,336.4431816
15764,5.716988333,35.80386,339.0212964
15765,5.7173025,35.80763,340.1933636
15766,5.717552222,35.81062667,340.3676373
15767,5.717803333,35.81364,337.6091192
15768,5.718056389,35.81667667,334.8588864
15769,5.718309722,35.81971667,334.2339814
15770,5.718623056,35.82347667,340.0732879
15771,5.718938056,35.82725667,337.9213602
15772,5.719188333,35.83026,337.1799347
15773,5.719437222,35.83324667,332.2632757
15774,5.719689444,35.83627333,326.519763
15775,5.719939722,35.83927667,325.0867872
15776,5.720258333,35.8431,327.1014532
15777,5.720568333,35.84682,327.8209183
15778,5.720815278,35.84978333,328.5951803
15779,5.721064722,35.85277667,330.7944041
15780,5.721316944,35.85580333,333.0834152
15781,5.721569722,35.85883667,337.058824
15782,5.721888611,35.86266333,336.5025229
15783,5.722201389,35.86641667,342.8192354
15784,5.722450556,35.86940667,340.7574421
15785,5.722703889,35.87244667,340.5245765
15786,5.722953889,35.87544667,340.5445639
15787,5.723201944,35.87842333,342.6090258
15788,5.723518889,35.88222667,345.17852
15789,5.7238325,35.88599,348.40524
15790,5.724087222,35.88904667,354.3869044
15791,5.724338611,35.89206333,357.4769251
15792,5.724588889,35.89506667,359.2629861
15793,5.724840278,35.89808333,360.3583382
15794,5.725154444,35.90185333,363.018095
15795,5.725460556,35.90552667,361.6800572
15796,5.725712778,35.90855333,358.4200437
15797,5.725968611,35.91162333,359.0758882
15798,5.72622,35.91464,359.9364873
15799,5.726473611,35.91768333,355.5674246
15800,5.726791111,35.92149333,348.9339184
15801,5.727104444,35.92525333,347.7692211
15802,5.727353056,35.92823667,349.5583492
15803,5.727604167,35.93125,349.8113307
15804,5.727852778,35.93423333,350.6837025
15805,5.728104167,35.93725,358.6381154
15806,5.728423889,35.94108667,360.9141854
15807,5.728734444,35.94481333,364.9800875
15808,5.728983889,35.94780667,362.019039
15809,5.729233611,35.95080333,358.6741033
15810,5.729481944,35.95378333,354.0602995
15811,5.729734444,35.95681333,354.3122852
15812,5.730051111,35.96061333,354.4555849
15813,5.7303625,35.96435,348.3344892
15814,5.730613056,35.96735667,342.0472799
15815,5.730861667,35.97034,336.4023866
15816,5.731113889,35.97336667,330.6257629
15817,5.731363333,35.97636,333.0716774
15818,5.731675833,35.98011,329.387097
15819,5.731986389,35.98383667,334.3093753
15820,5.732235278,35.98682333,338.2548124
15821,5.732485556,35.98982667,340.0522064
15822,5.732733889,35.99280667,341.92083
15823,5.732980833,35.99577,344.9231643
15824,5.733301389,35.99961667,348.3753425
15825,5.733616667,36.0017,352.7116115
15826,5.733869722,36.00321833,350.1741136
15827,5.734122222,36.00473333,354.7195044
15828,5.734373333,36.00624,357.3448117
15829,5.734625278,36.00775167,356.8358439
15830,5.734948056,36.00968833,355.0911536
15831,5.735262222,36.01157333,354.6529823
15832,5.735509167,36.013055,349.3639384
15833,5.735758611,36.01455167,348.0628965
15834,5.736011667,36.01607,347.1433377
15835,5.736263056,36.01757833,350.4684039
15836,5.736583611,36.01950167,354.2877304
15837,5.736899444,36.02139667,348.901053
15838,5.737148333,36.02289,346.724233
15839,5.737398611,36.02439167,342.6478384
15840,5.737649722,36.02589833,337.7703627
15841,5.737899444,36.02739667,334.9539615
15842,5.738211944,36.02927167,333.1331611
15843,5.738521667,36.03113,333.8636025
15844,5.738771944,36.03263167,333.8733953
15845,5.739021389,36.03412833,331.2733445
15846,5.739270556,36.03562333,329.7542454
15847,5.739525556,36.03715333,337.8070202
15848,5.739841111,36.03904667,341.6675336
15849,5.740150833,36.040905,338.460092
15850,5.740398333,36.04239,337.5508016
15851,5.740645833,36.043875,330.173341
15852,5.740894444,36.04536667,321.2728273
15853,5.741149722,36.04689833,318.3923906
15854,5.741475,36.04885,317.3694082
15855,5.74179,36.05074,320.0779589
15856,5.742039722,36.05223833,316.7343673
15857,5.742290833,36.053745,315.7738597
15858,5.742542222,36.05525333,315.0257806
15859,5.742793056,36.05675833,317.7923994
15860,5.743106944,36.05864167,319.8277584
15861,5.743420278,36.06052167,324.2857403
15862,5.743671389,36.06202833,328.9606923
15863,5.743927222,36.06356333,325.4034352
15864,5.744179722,36.06507833,322.1937343
15865,5.744428889,36.06657333,325.8393322
15866,5.744750556,36.06850333,324.575376
15867,5.745068611,36.07041167,322.9327674
15868,5.745321667,36.07193,322.6236547
15869,5.745575833,36.073455,323.7070456
15870,5.745827222,36.07496333,323.3017684
15871,5.746078056,36.07646833,318.7090637
15872,5.746394167,36.078365,317.811818
15873,5.746709444,36.08025667,313.3861419
15874,5.74696,36.08176,309.5766816
15875,5.747211111,36.08326667,306.0558649
15876,5.747461667,36.08477,302.4723398
15877,5.747710278,36.08626167,301.541202
15878,5.748026667,36.08816,296.631347
15879,5.748339722,36.09003833,300.0975673
15880,5.748589167,36.091535,303.1836671
15881,5.748838611,36.09303167,296.8127745
15882,5.749088056,36.09452833,290.5998974
15883,5.749338333,36.09603,296.2264008
15884,5.749648333,36.09789,294.2367978
15885,5.749959722,36.09975833,289.8458711
15886,5.750210278,36.10126167,289.9105021
15887,5.750464167,36.102785,285.9156414
15888,5.750716389,36.10429833,281.3898324
15889,5.750966667,36.1058,279.1896311
15890,5.751285556,36.10771333,278.6045747
15891,5.7516,36.1096,278.334997
15892,5.751853056,36.11111833,275.413483
15893,5.752104444,36.11262667,270.6796084
15894,5.752355556,36.11413333,266.1169669
15895,5.752605,36.11563,269.6925056
15896,5.752920278,36.11752167,267.3774942
15897,5.753234444,36.11940667,270.1430828
15898,5.753485,36.12091,267.4415981
15899,5.753730833,36.122385,264.7419976
15900,5.753978611,36.12387167,261.6768976
15901,5.754229722,36.12537833,265.0336203
15902,5.754544167,36.127265,264.4222948
15903,5.754850278,36.12910167,265.6779353
15904,5.755096111,36.13057667,265.3843342
15905,5.755343333,36.13206,265.1970179
15906,5.755595833,36.133575,265.2227575
15907,5.755846389,36.13507833,264.746758
15908,5.756163056,36.13697833,265.3468295
15909,5.756474722,36.13884833,266.9953547
15910,5.756730556,36.14038333,274.7032364
15911,5.756986389,36.14191833,280.563449
15912,5.757236944,36.14342167,284.8625585
15913,5.757489722,36.14493833,283.4711319
15914,5.757806944,36.14684167,282.1927763
15915,5.758124167,36.148745,279.053279
15916,5.758375278,36.15025167,276.6294977
15917,5.758628611,36.15177167,277.408004
15918,5.758884167,36.153305,279.8001074
15919,5.7591375,36.154825,282.7973199
15920,5.759453889,36.15672333,283.6064997
15921,5.759765278,36.15859167,284.6481416
15922,5.760014722,36.16008833,288.405399
15923,5.760266667,36.1616,292.7269383
15924,5.760516389,36.16309833,296.1994714
15925,5.760771111,36.16462667,307.7237768
15926,5.761088333,36.16653,313.6812841
15927,5.761401667,36.16841,318.4514245
15928,5.761649444,36.16989667,321.0627199
15929,5.7619025,36.171415,323.1872237
15930,5.762152778,36.17291667,324.736607
15931,5.762398611,36.17439167,325.791236
15932,5.762714722,36.17628833,326.6998051
15933,5.763024444,36.17814667,322.3619683
15934,5.763270556,36.17962333,317.6409738
15935,5.763520833,36.181125,311.9019787
15936,5.7637775,36.182665,305.477006
15937,5.7640275,36.184165,311.6744079
15938,5.764341389,36.18604833,308.2996616
15939,5.764653611,36.18792167,305.9850675
15940,5.764900278,36.18940167,309.6624173
15941,5.765150833,36.190905,314.5896376
15942,5.765401944,36.19241167,319.4065147
15943,5.765653056,36.19391833,325.8803562
15944,5.765974167,36.195845,331.1910733
15945,5.766288333,36.19773,335.8470073
15946,5.766539722,36.19923833,337.6225842
15947,5.76679,36.20074,346.9692127
15948,5.767040556,36.20224333,355.3723369
15949,5.767293611,36.20376167,357.7476655
15950,5.767613611,36.20568167,359.4262275
15951,5.767930556,36.20758333,357.4274255
15952,5.768181944,36.20909167,352.6991133
15953,5.768429444,36.21057667,351.6962248
15954,5.768678889,36.21207333,350.7259633
15955,5.768929444,36.21357667,354.9444451
15956,5.76925,36.2155,353.9397306
15957,5.769563333,36.21738,350.3126367
15958,5.769814722,36.21888833,345.9151264
15959,5.770065,36.22039,346.4947997
15960,5.770313333,36.22188,346.0674132
15961,5.770561944,36.22337167,344.5007496
15962,5.770874444,36.22524667,346.6050579
15963,5.771185,36.22711,346.6236548
15964,5.771433889,36.22860333,343.5180362
15965,5.771682222,36.23009333,339.3135993
15966,5.771932778,36.23159667,335.4745681
15967,5.772190278,36.23314167,339.2449887
15968,5.77251,36.23506,343.5503176
15969,5.772823611,36.23694167,340.604934
15970,5.773074722,36.23844833,339.1761492
15971,5.773326111,36.23995667,332.8685156
15972,5.773575556,36.24145333,325.5871375
15973,5.773828333,36.24297,323.6177915
15974,5.774149444,36.24489667,322.0889672
15975,5.774463611,36.24678167,323.2786005
15976,5.774708611,36.24825167,319.4255407
15977,5.774957222,36.24974333,318.0585028
15978,5.775208056,36.25124833,316.9073269
15979,5.775456944,36.25274167,310.8766832
15980,5.775771389,36.25462833,315.0526469
15981,5.776081111,36.25648667,319.2058017
15982,5.776331389,36.25798833,322.0132219
15983,5.776586389,36.25951833,319.981731
15984,5.776838333,36.26103,318.2826639
15985,5.77709,36.26254,320.1881773
15986,5.777405833,36.264435,322.4066981
15987,5.777721944,36.26633167,324.7889054
15988,5.777969722,36.26781833,323.8456965
15989,5.778218056,36.26930833,326.855136
15990,5.778469722,36.27081833,328.8958752
15991,5.778718889,36.27231333,332.0789818
15992,5.7790325,36.274195,338.8321572
15993,5.779341389,36.27604833,336.5403728
15994,5.779587222,36.27752333,330.7285276
15995,5.779839167,36.279035,328.5753184
15996,5.7800875,36.280525,326.7712358
15997,5.780341667,36.28205,329.0028294
15998,5.780654167,36.283925,325.2987937
15999,5.780966111,36.28579667,328.5284655
16000,5.78122,36.28732,327.4455953
16001,5.781470278,36.28882167,323.624326
16002,5.7817225,36.290335,320.0560343
16003,5.781978056,36.29186833,327.2607913
16004,5.782294444,36.29376667,332.0491854
16005,5.782608611,36.29565167,334.0226491
16006,5.782858333,36.29715,331.5844402
16007,5.783110278,36.29866167,330.9523096
16008,5.783364167,36.300185,329.2369192
16009,5.783614722,36.30168833,329.2102238
16010,5.783926111,36.30355667,329.975601
16011,5.784236944,36.30542167,330.9105971
16012,5.784484444,36.30690667,326.2560656
16013,5.784731389,36.30838833,327.7434563
16014,5.784981667,36.30989,329.3220756
16015,5.785233056,36.31139833,330.264838
16016,5.785546667,36.31328,326.222865
16017,5.785860833,36.315165,326.9774166
16018,5.786111944,36.31667167,323.9734388
16019,5.786358611,36.31815167,318.9937667
16020,5.786606389,36.31963833,313.2256872
16021,5.786861389,36.32116833,312.8343011
16022,5.787178611,36.32307167,312.3610445
16023,5.787493889,36.32496333,311.8695676
16024,5.787741944,36.32645167,315.3577738
16025,5.787993333,36.32796,318.5437155
16026,5.788245556,36.32947333,321.2808059
16027,5.788496111,36.33097667,334.8637122
16028,5.788811111,36.33286667,335.1267064
16029,5.789124444,36.33474667,333.8491292
16030,5.789373056,36.33623833,336.8970076
16031,5.789621667,36.33773,333.1407824
16032,5.789869444,36.33921667,329.0249171
16033,5.790121389,36.34072833,329.8821165
16034,5.790435,36.34261,325.951968
16035,5.790746667,36.34448,321.9495792
16036,5.790998889,36.34599333,319.3247667
16037,5.791251111,36.34750667,318.1745015
16038,5.791502222,36.34901333,316.9175186
16039,5.791753611,36.35052167,323.5209281
16040,5.792070556,36.35242333,328.1022375
16041,5.792385833,36.354315,331.388514
16042,5.792632778,36.35579667,330.6935563
16043,5.792885556,36.35731333,334.3069923
16044,5.793137222,36.35882333,337.2241368
16045,5.793389722,36.36033833,343.1918522
16046,5.793705,36.36223,346.8571228
16047,5.794015,36.36409,348.2310823
16048,5.794267222,36.36560333,348.8156407
16049,5.794523889,36.36714333,349.7075482
16050,5.794777778,36.36866667,350.1424091
16051,5.795029167,36.370175,346.4633695
16052,5.795346389,36.37207833,346.9139281
16053,5.795659444,36.37395667,346.5804399
16054,5.79591,36.37546,341.1546144
16055,5.796163333,36.37698,333.9679639
16056,5.796419167,36.378515,326.2961116
16057,5.796669444,36.38001667,329.3848339
16058,5.796978333,36.38187,330.236817
16059,5.797287222,36.38372333,325.6139392
16060,5.7975375,36.385225,325.418286
16061,5.797789444,36.38673667,325.3956612
16062,5.798042778,36.38825667,325.2922291
16063,5.798292222,36.38975333,325.8428861
16064,5.798607222,36.39164333,327.7659025
16065,5.798919167,36.393515,329.3810866
16066,5.7991675,36.395005,336.2252394
16067,5.799421667,36.39653,340.9496008
16068,5.799670278,36.39802167,345.7298761
16069,5.799923056,36.39953833,348.2501206
16070,5.800243056,36.40145833,355.5609172
16071,5.800561111,36.40336667,354.7896814
16072,5.800811667,36.40487,356.15369
16073,5.801061944,36.40637167,359.0052974
16074,5.801314167,36.407885,361.7989028
16075,5.801568889,36.40941333,365.4395593
16076,5.801887222,36.41132333,366.790328
16077,5.802200278,36.41320167,364.1293645
16078,5.80245,36.4147,359.3805942
16079,5.8027,36.4162,357.0129844
16080,5.802946944,36.41768167,354.2511932
16081,5.803194444,36.41916667,356.9671462
16082,5.803507222,36.42104333,356.7051393
16083,5.803823056,36.42293833,355.6607878
16084,5.8040725,36.424435,355.065703
16085,5.80432,36.42592,349.4150969
16086,5.804570556,36.42742333,343.9675475
16087,5.804821944,36.42893167,347.4671454
16088,5.805143611,36.43086167,352.3736392
16089,5.805459722,36.43275833,347.291779
16090,5.80571,36.43426,341.777773
16091,5.805962222,36.43577333,334.9073006
16092,5.806211389,36.43726833,327.0334484
16093,5.8064575,36.438745,330.6694346
16094,5.806773611,36.44064167,326.0337214
16095,5.807085278,36.44251167,327.7868598
16096,5.807333889,36.44400333,324.0583894
16097,5.807584722,36.44550833,321.2721073
16098,5.807837222,36.44702333,318.0562733
16099,5.808090556,36.44854333,314.9995694
16100,5.808409167,36.450455,318.6185659
16101,5.808724444,36.45234667,318.0440501
16102,5.808977778,36.45386667,321.538768
16103,5.809229444,36.45537667,322.5130005
16104,5.809481111,36.45688667,322.9767849
16105,5.809729444,36.45837667,325.2992522
16106,5.810041389,36.46024833,328.8944549
16107,5.81036,36.46216,333.6032433
16108,5.810612222,36.46367333,328.8272974
16109,5.8108625,36.465175,324.0219018
16110,5.811110278,36.46666167,319.2569121
16111,5.811365,36.46819,318.5681597
16112,5.811683333,36.4701,321.0800214
16113,5.811996667,36.47198,315.3054993
16114,5.812247778,36.47348667,308.9081016
16115,5.812500278,36.47500167,302.9609547
16116,5.812748333,36.47649,297.5313414
16117,5.812999722,36.47799833,301.0583304
16118,5.813311667,36.47987,299.9317472
16119,5.813620278,36.48172167,299.1501959
16120,5.813871667,36.48323,287.5726441
16121,5.814121944,36.48473167,288.6975854
16122,5.814369444,36.48621667,289.1940346
16123,5.814615556,36.48769333,295.646772
16124,5.814925,36.48955,299.3958215
16125,5.815234722,36.49140833,304.2280885
16126,5.815485833,36.492915,302.8474794
16127,5.815736389,36.49441833,304.394794
16128,5.815988611,36.49593167,305.7095052
16129,5.816245556,36.49747333,308.1773204
16130,5.816560556,36.49936333,313.9401287
16131,5.816874167,36.501245,313.0056655
16132,5.817126389,36.50275833,312.0109374
16133,5.8173775,36.504265,311.0863934
16134,5.817624444,36.50574667,310.1745248
16135,5.817873889,36.50724333,310.3292888
16136,5.818192778,36.50915667,307.22052
16137,5.81851,36.51106,302.3511575
16138,5.818761111,36.51256667,299.9086903
16139,5.819009722,36.51405833,297.3061275
16140,5.819260833,36.515565,293.8903492
16141,5.819514167,36.517085,293.0635674
16142,5.81983,36.51898,290.3298472
16143,5.820141944,36.52085167,289.0239899
16144,5.820389167,36.522335,296.0607953
16145,5.820638611,36.52383167,294.8445983
16146,5.820893611,36.52536167,292.6862981
16147,5.8211425,36.526855,308.6773339
16148,5.821464167,36.528785,314.8614737
16149,5.821780833,36.530685,317.036886
16150,5.822032222,36.53219333,318.0553287
16151,5.822278889,36.53367333,315.5579334
16152,5.8225275,36.535165,313.7044059
16153,5.822776667,36.53666,320.5757838
16154,5.823090278,36.53854167,318.9517379
16155,5.823400833,36.540405,323.5528681
16156,5.823656667,36.54194,328.0757008
16157,5.823905556,36.54343333,329.0603299
16158,5.824155556,36.54493333,328.8849929
16159,5.824405278,36.54643167,335.3786739
16160,5.824719444,36.54831667,336.6889656
16161,5.825035833,36.550215,341.7723025
16162,5.825287778,36.55172667,330.6555561
16163,5.825535556,36.55321333,339.6734968
16164,5.825782222,36.55469333,348.9273281
16165,5.826030833,36.556185,360.2398161
16166,5.8263475,36.558085,368.3303657
16167,5.826661389,36.55996833,369.6441932
16168,5.826908056,36.56144833,368.0455301
16169,5.827158611,36.56295167,367.0065692
16170,5.827409444,36.56445667,364.6458321
16171,5.827658889,36.56595333,360.8074986
16172,5.827978056,36.56786833,360.4073025
16173,5.828295,36.56977,355.0042519
16174,5.828549722,36.57129833,350.6720575
16175,5.828803333,36.57282,342.9088791
16176,5.8290525,36.574315,335.2156077
16177,5.829303611,36.57582167,336.0546142
16178,5.829620833,36.577725,340.4983215
16179,5.829940556,36.57964333,339.7009856
16180,5.830190278,36.58114167,335.0678946
16181,5.830441111,36.58264667,330.8299554
16182,5.830694167,36.584165,326.3277055
16183,5.830945,36.58567,322.3446657
16184,5.831258333,36.58755,316.1740358
16185,5.831571667,36.58943,312.9507942
16186,5.831823889,36.59094333,316.3556772
16187,5.832076111,36.59245667,310.2211372
16188,5.832326111,36.59395667,303.5545731
16189,5.832576667,36.59546,302.7568858
16190,5.832894722,36.59736833,305.7390154
16191,5.833210278,36.59926167,311.6680075
16192,5.833460556,36.60076333,317.0095562
16193,5.833713611,36.60228167,317.8200676
16194,5.833963056,36.60377833,318.5369603
16195,5.834214167,36.605285,325.4416219
16196,5.834529444,36.60717667,331.2332842
16197,5.834845556,36.60907333,333.023075
16198,5.835097778,36.61058667,332.6953209
16199,5.835351111,36.61210667,333.6533585
16200,5.835600278,36.61360167,334.1817853
16201,5.835851667,36.61511,344.2035483
16202,5.8361725,36.617035,345.6941936
16203,5.836489444,36.61893667,345.8418213
16204,5.836738889,36.62043333,344.1154494
16205,5.836986667,36.62192,335.7954263
16206,5.837236667,36.62342,328.567326
16207,5.837486944,36.62492167,329.3086702
16208,5.8378,36.6268,326.7318075
16209,5.838116944,36.62870167,322.260591
16210,5.838366389,36.63019833,315.836958
16211,5.838618611,36.63171167,311.6422743
16212,5.8388725,36.633235,306.0939873
16213,5.839125833,36.634755,314.515363
16214,5.839442778,36.63665667,318.9867274
16215,5.839757778,36.63854667,315.6962001
16216,5.840010833,36.640065,312.8775775
16217,5.840261389,36.64156833,311.3610338
16218,5.8405125,36.643075,309.3329462
16219,5.840766667,36.6446,310.7274016
16220,5.841081111,36.64648667,312.871056
16221,5.841391944,36.64835167,312.8080135
16222,5.841643889,36.64986333,318.8998101
16223,5.841896111,36.65137667,323.2950236
16224,5.842149167,36.652895,326.8107485
16225,5.842398333,36.65439,329.6076214
16226,5.842708333,36.65625,331.2854025
16227,5.843019722,36.65811833,333.7806026
16228,5.843268611,36.65961167,333.4438381
16229,5.843520556,36.66112333,327.3418738
16230,5.843771944,36.66263167,321.7313142
16231,5.844026111,36.66415667,322.0047389
16232,5.844345556,36.66607333,322.3617288
16233,5.844660278,36.66796167,322.9592841
16234,5.844910556,36.66946333,325.899949
16235,5.845159167,36.670955,327.9344957
16236,5.845411389,36.67246833,329.8300435
16237,5.845664444,36.67398667,335.5873412
16238,5.845976944,36.67586167,338.7152346
16239,5.846286667,36.67772,333.3817808
16240,5.846535,36.67921,326.0926985
16241,5.846785556,36.68071333,325.410344
16242,5.847041389,36.68224833,324.5987724
16243,5.847290833,36.683745,325.1684745
16244,5.847606111,36.68563667,319.036653
16245,5.847917778,36.68750667,323.340881
16246,5.848170833,36.689025,322.5781581
16247,5.848423056,36.69053833,318.5550879
16248,5.848669722,36.69201833,314.898967
16249,5.84892,36.69352,313.1394642
16250,5.849241667,36.69545,317.2518362
16251,5.849553889,36.69732333,314.4663045
16252,5.849804722,36.69882833,317.863826
16253,5.8500575,36.700345,313.0772137
16254,5.850312778,36.70187667,308.4808
16255,5.850565,36.70339,312.6717691
16256,5.850879167,36.705275,312.6360704
16257,5.851192222,36.70715333,306.701007
16258,5.851439167,36.708635,302.7713691
16259,5.851687778,36.71012667,299.7190963
16260,5.851938889,36.71163333,295.566237
16261,5.852190278,36.71314167,299.7162876
16262,5.852503889,36.71502333,301.0005125
16263,5.852817222,36.71690333,300.436948
16264,5.853071944,36.71843167,302.7209965
16265,5.853326944,36.71996167,297.0292406
16266,5.853574722,36.72144833,290.3794038
16267,5.853827778,36.72296667,298.4901314
16268,5.854145833,36.724875,301.5731248
16269,5.854458333,36.72675,302.8947033
16270,5.854710278,36.72826167,299.0654272
16271,5.854964167,36.729785,299.3029141
16272,5.855215556,36.73129333,299.604033
16273,5.855466111,36.73279667,306.7480813
16274,5.855786667,36.73472,307.710669
16275,5.856104722,36.73662833,312.991051
16276,5.856355,36.73813,318.7784806
16277,5.856605556,36.73963333,318.920738
16278,5.856855833,36.741135,318.7667916
16279,5.857108333,36.74265,321.9392513
16280,5.857424444,36.74454667,325.0620973
16281,5.857733333,36.7464,331.4653778
16282,5.857980556,36.74788333,323.075496
16283,5.858232778,36.74939667,329.6878935
16284,5.858481389,36.75088833,336.0175704
16285,5.858731944,36.75239167,349.1164764
16286,5.859046944,36.75428167,358.9372356
16287,5.859362222,36.75617333,363.2514264
16288,5.859611389,36.75766833,358.9838254
16289,5.859864167,36.759185,357.3384243
16290,5.860113056,36.76067833,354.9669676
16291,5.86036,36.76216,358.7068624
16292,5.860678333,36.76407,358.6744796
16293,5.860993333,36.76596,348.7554625
16294,5.861243611,36.76746167,348.8441588
16295,5.861492778,36.76895667,346.0375181
16296,5.861744167,36.770465,343.7166326
16297,5.861995,36.77197,345.8626523
16298,5.862305556,36.77383333,351.2386444
16299,5.862616111,36.77569667,346.0628919
16300,5.862868333,36.77721,337.783789
16301,5.863116111,36.77869667,335.6075681
16302,5.863362778,36.78017667,332.5651206
16303,5.863615,36.78169,328.9323506
16304,5.863929444,36.78357667,323.4947588
16305,5.864239722,36.78543833,318.3250543
16306,5.864486389,36.78691833,322.4245149
16307,5.864735833,36.788415,316.8969325
16308,5.864991667,36.78995,310.984563
16309,5.865248333,36.79149,311.8894231
16310,5.865564722,36.79338833,312.3703885
16311,5.8658775,36.795265,315.2454135
16312,5.866130278,36.79678167,313.2046195
16313,5.866378056,36.79826833,309.9688726
16314,5.866626667,36.79976,306.4441933
16315,5.8668725,36.80247,313.1947331
16316,5.867188333,36.80626,313.0025597
16317,5.867502778,36.81003333,312.5405576
16318,5.867757778,36.81309333,304.819421
16319,5.868011944,36.81614333,303.1705859
16320,5.868263889,36.81916667,300.9943068
16321,5.868517222,36.82220667,310.6230608
16322,5.868838611,36.82606333,315.7265059
16323,5.869154722,36.82985667,315.8013907
16324,5.869405278,36.83286333,312.6215044
16325,5.8696575,36.83589,303.2238683
16326,5.869907778,36.83889333,293.7881689
16327,5.870158056,36.84189667,290.6728431
16328,5.870471667,36.84566,286.9630486
16329,5.870785,36.84942,283.5893293
16330,5.8710325,36.85239,279.5215963
16331,5.871281389,36.85537667,279.3900573
16332,5.871531667,36.85838,279.0802733
16333,5.871782778,36.86139333,287.4447009
16334,5.872096389,36.86515667,296.1946384
16335,5.872404167,36.86885,295.0512071
16336,5.872651667,36.87182,292.3485005
16337,5.872900556,36.87480667,289.5069712
16338,5.873150556,36.87780667,285.8513772
16339,5.8734,36.8808,288.2988859
16340,5.873714444,36.88457333,285.8625882
16341,5.874022222,36.88826667,284.0000204
16342,5.874272778,36.89127333,287.573073
16343,5.874521389,36.89425667,285.6180418
16344,5.8747725,36.89727,283.1751524
16345,5.875023889,36.90028667,282.8926296
16346,5.8753425,36.90411,278.8015031
16347,5.875652222,36.90782667,268.277324
16348,5.875901111,36.91081333,266.3235594
16349,5.876152222,36.91382667,258.0306317
16350,5.876404444,36.91685333,250.2368239
16351,5.876656667,36.91988,249.6211118
16352,5.876972778,36.92367333,246.0592361
16353,5.877287778,36.92745333,245.8273557
16354,5.877542778,36.93051333,248.2960549
16355,5.877794167,36.93353,251.1597301
16356,5.878043056,36.93651667,253.4291015
16357,5.878293056,36.93951667,260.9479772
16358,5.878609167,36.94331,266.4932624
16359,5.878925556,36.94710667,261.3127861
16360,5.879181389,36.95017667,262.918506
16361,5.879434444,36.95321333,262.5881265
16362,5.879684722,36.95621667,263.4613769
16363,5.879933333,36.9592,263.8404331
16364,5.880258889,36.96310667,264.5436292
16365,5.880574722,36.96689667,270.7603413
16366,5.8808225,36.96987,272.0718075
16367,5.881069167,36.97283,271.7002969
16368,5.881316944,36.97580333,270.7852233
16369,5.881567222,36.97880667,272.7768297
16370,5.881886667,36.98264,273.3861697
16371,5.882205556,36.98646667,273.4739956
16372,5.882458889,36.98950667,276.952786
16373,5.882711944,36.99254333,273.8367274
16374,5.882966944,36.99560333,270.6938074
16375,5.883216111,36.99859333,273.3311578
16376,5.883531944,36.99880833,277.9877107
16377,5.883845278,36.99692833,275.3784439
16378,5.884091667,36.99545,270.9147538
16379,5.884342222,36.99394667,272.7728742
16380,5.884595278,36.99242833,274.4198433
16381,5.884845833,36.990925,283.4387653
16382,5.885159167,36.989045,288.5654564
16383,5.885467778,36.98719333,292.3693797
16384,5.885713056,36.98572167,292.6224161
16385,5.885965,36.98421,292.4978026
16386,5.886214444,36.98271333,291.2087856
16387,5.8864675,36.981195,298.3723161
16388,5.886784722,36.97929167,299.5755889
16389,5.887097222,36.97741667,298.9047288
16390,5.887343611,36.97593833,294.6655267
16391,5.887593333,36.97444,290.7433643
16392,5.8878425,36.972945,286.0869074
16393,5.888089444,36.97146333,288.4790399
16394,5.888406389,36.96956167,292.2755568
16395,5.888717778,36.96769333,298.3322418
16396,5.8889675,36.966195,296.4358559
16397,5.889220556,36.96467667,297.2521424
16398,5.88947,36.96318,298.9191937
16399,5.889715833,36.961705,299.7362294
16400,5.890029167,36.959825,303.1299831
16401,5.890346389,36.95792167,312.0197078
16402,5.890598333,36.95641,312.2105267
16403,5.8908525,36.954885,311.9714692
16404,5.891102778,36.95338333,310.3458179
16405,5.891349722,36.95190167,316.2512378
16406,5.891665833,36.950005,321.4639262
16407,5.89198,36.94812,323.0528509
16408,5.892230278,36.94661833,317.2733021
16409,5.8924775,36.945135,311.0827837
16410,5.892730556,36.94361667,305.6589304
16411,5.89298,36.94212,311.5515793
16412,5.893295,36.94023,318.0392133
16413,5.893609444,36.93834333,313.8963598
16414,5.893858056,36.93685167,312.957959
16415,5.894109167,36.935345,316.5456227
16416,5.894363889,36.93381667,319.8083731
16417,5.894614444,36.93231333,323.9097589
16418,5.894925833,36.930445,329.504489
16419,5.895234722,36.92859167,325.1860518
16420,5.895482222,36.92710667,322.7275575
16421,5.895731944,36.92560833,322.7227531
16422,5.895986111,36.92408333,322.1147894
16423,5.896238333,36.92257,323.0290185
16424,5.896558056,36.92065167,327.1232875
16425,5.896870556,36.91877667,329.9983666
16426,5.897119722,36.91728167,336.1304311
16427,5.897365556,36.91580667,335.2981495
16428,5.897613611,36.91431833,334.276567
16429,5.897864444,36.91281333,339.1691428
16430,5.8981825,36.910905,341.1227469
16431,5.898505278,36.90896833,341.6061561
16432,5.898755833,36.907465,339.2039079
16433,5.899005,36.90597,335.8643499
16434,5.899256389,36.90446167,333.0191343
16435,5.899506389,36.90296167,339.0723224
16436,5.8998175,36.901095,342.179908
16437,5.900132778,36.90239,343.7264645
16438,5.9003875,36.906975,338.0829553
16439,5.900642222,36.91156,334.6577076
16440,5.900891667,36.91605,330.4136641
16441,5.901141389,36.920545,339.012351
16442,5.901455833,36.926205,344.4249683
16443,5.90177,36.93186,346.9620426
16444,5.902019444,36.93635,348.4483706
16445,5.902266944,36.940805,347.3619154
16446,5.902517222,36.94531,344.0667929
16447,5.902772222,36.9499,341.8800645
16448,5.903086667,36.95556,339.5316307
16449,5.903399167,36.961185,338.5569098
16450,5.903648889,36.96568,333.4997667
16451,5.903899167,36.970185,329.1895442
16452,5.904146667,36.97464,325.5952217
16453,5.904396111,36.97913,328.9820791
16454,5.904707778,36.98474,327.8562186
16455,5.905019167,36.990345,324.304248
16456,5.905266111,36.99479,322.8451831
16457,5.905514444,36.99926,316.9695535
16458,5.905765,37.00377,310.1945635
16459,5.906016944,37.008305,314.7813083
16460,5.906330556,37.01395,313.2882465
16461,5.906640278,37.019525,311.0881966
16462,5.906885833,37.023945,312.5744039
16463,5.907135556,37.02844,307.1827041
16464,5.907385833,37.032945,301.7818458
16465,5.907639722,37.037515,303.307328
16466,5.907958056,37.043245,303.1757025
16467,5.908272222,37.0489,301.6774823
16468,5.908518056,37.053325,298.9073744
16469,5.908769167,37.057845,295.4860665
16470,5.909019722,37.062355,291.6034737
16471,5.909270556,37.06687,290.0790793
16472,5.909584167,37.072515,286.1847721
16473,5.909897778,37.07816,274.1211049
16474,5.910146389,37.082635,254.4909824
16475,5.910398333,37.08717,219.0233318
16493,5.9153,37.1754,223.6749081
16494,5.915550833,37.179915,248.7427715
16495,5.915803056,37.184455,264.0168713
16496,5.916122222,37.1902,269.7433299
16497,5.916435278,37.195835,280.5255242
16498,5.916683056,37.20009833,292.7838928
16499,5.9169325,37.201595,310.6402477
16500,5.917180278,37.20308167,333.8744459
16501,5.917428889,37.20457333,358.1372603
16520,5.922638056,37.23582833,363.8076984
16521,5.922945278,37.23767167,318.821387
16522,5.923192778,37.23915667,274.1749985
16527,5.924573333,37.24744,223.3121812
16528,5.924823889,37.24894333,275.7277062
16529,5.925071111,37.25042667,337.8325677
16533,5.926205278,37.25723167,342.5008589
16534,5.926452778,37.25871667,316.793281
16535,5.926706667,37.26024,313.4989432
16536,5.926954444,37.26172667,330.5273025
16537,5.927201389,37.26320833,354.3622199
16548,5.930235,37.28141,337.8500142
16549,5.930493333,37.28296,280.5249326
16550,5.930810556,37.28486333,238.1998875
16551,5.931123333,37.28674,210.0955004
16565,5.934878611,37.31854333,222.4453997
16566,5.935129167,37.32155,244.1612373
16567,5.935378333,37.32454,263.2057531
16568,5.935696111,37.32835333,270.1139875
16569,5.936010556,37.33212667,274.1776771
16570,5.936260833,37.33513,280.8556989
16571,5.936512222,37.33814667,289.3446214
16572,5.936761944,37.34114333,297.8686734
16573,5.937014167,37.34417,314.9702778
16574,5.937326667,37.34792,335.2135476
16575,5.937636389,37.35163667,346.6562861
16576,5.937885556,37.35462667,360.4097399
16588,5.941152222,37.39382667,367.3509794
16589,5.9414025,37.39683,358.7853282
16590,5.941653056,37.39983667,366.8287838
16591,5.941904167,37.40285,368.1531374
16592,5.942218333,37.40662,367.2311741
16593,5.9425275,37.41033,364.9274641
16594,5.942778056,37.41333667,361.0209969
16595,5.943030833,37.41637,355.6386515
16596,5.943285556,37.41942667,356.619341
16597,5.943534444,37.42241333,357.4207863
16598,5.943856944,37.42628333,357.7918571
16599,5.944174167,37.43009,357.598475
16600,5.944424444,37.43309333,360.030937
16601,5.944675556,37.43610667,363.0465093
16602,5.944924444,37.43909333,365.4222986
16603,5.945170833,37.44205,363.8955441
16604,5.9454825,37.44579,358.6933751
16605,5.945794167,37.44953,356.5061681
16606,5.946048333,37.45258,358.3079447
16607,5.946305,37.45566,359.8904258
16608,5.946555278,37.45866333,365.1344197
16609,5.946806389,37.46167667,364.0092533
16610,5.947119167,37.46543,354.6865708
16611,5.947430556,37.46916667,329.2190645
16612,5.947680833,37.47217,281.6190601
16613,5.947931944,37.47518333,232.2802263
16620,5.949821667,37.49786,221.6695581
16621,5.950070278,37.50042167,259.6541652
16622,5.950389167,37.502335,286.6757167
16623,5.950704444,37.50422667,290.9340513
16624,5.950956667,37.50574,292.0290534
16625,5.951210833,37.507265,292.4808013
16626,5.951460278,37.50876167,298.0059485
16627,5.951710278,37.51026167,302.3975305
16628,5.952029444,37.51217667,300.0763079
16629,5.952343889,37.51406333,299.5522208
16630,5.952595,37.51557,298.3297519
16631,5.952844722,37.51706833,298.2970872
16632,5.953095,37.51857,306.2904578
16633,5.953344444,37.52006667,304.7156256
16634,5.953657778,37.52194667,295.5911198
16635,5.9539675,37.523805,282.3023997
16636,5.954218889,37.52531333,255.6482579
16637,5.9544675,37.526805,227.8321004
16643,5.956097222,37.53658333,228.4719616
16644,5.956347778,37.53808667,252.897196
16645,5.956597222,37.53958333,262.1997648
16646,5.956916389,37.54149833,253.6185721
16647,5.957231111,37.54338667,250.4508036
16648,5.957481667,37.54489,240.8392028
16649,5.957733889,37.54640333,231.7803037
16650,5.957984444,37.54790667,231.4130668
16651,5.958236389,37.54941833,232.9217498
16652,5.958553333,37.55132,234.4397817
16653,5.958864167,37.553185,236.9045413
16654,5.959114444,37.55468667,238.1263473
16655,5.959363333,37.55618,237.6111608
16656,5.9596125,37.557675,250.7878592
16657,5.959864722,37.55918833,264.0287219
16658,5.960179167,37.561075,278.0749367
16659,5.960491667,37.56295,284.3590729
16660,5.96074,37.56444,289.2743612
16661,5.960991389,37.56594833,294.6723211
16662,5.961243611,37.56746167,304.5021149
16663,5.961495833,37.568975,313.6703321
16664,5.961810278,37.57086167,322.852587
16665,5.962123889,37.57274333,333.8845369
16666,5.962370556,37.57422333,338.807371
16667,5.962617778,37.57570667,343.8716718
16668,5.962868333,37.57721,349.6597771
16669,5.963115833,37.578695,351.7353725
16670,5.963426389,37.58055833,361.5865961
16671,5.963735278,37.58241167,360.2699025
16672,5.963981111,37.58388667,358.1452469
16673,5.964226111,37.58535667,355.3844112
16674,5.9644725,37.586835,358.0632953
16675,5.964720278,37.58832167,360.2285681
16676,5.965034722,37.59020833,364.791199
16677,5.965344444,37.59206667,360.6896481
16678,5.965593889,37.59356333,356.7767541
16679,5.965840556,37.59504333,351.8451912
16680,5.966089167,37.596535,351.8684871
16681,5.966338611,37.59803167,346.8230558
16682,5.96665,37.5999,342.7312556
16683,5.966961111,37.60176667,334.8035187
16684,5.967211944,37.60327167,332.2874924
16685,5.967459722,37.60475833,329.4366344
16686,5.967711944,37.60627167,327.0100522
16687,5.967961389,37.60776833,326.8111778
16688,5.968278333,37.60967,321.9553903
16689,5.968589167,37.611535,323.0484315
16690,5.968843889,37.61306333,326.0134061
16691,5.969096389,37.61457833,330.3317592
16692,5.969348333,37.61609,332.3280607
16693,5.969598889,37.61759333,333.93837
16694,5.969915,37.61949,334.435762
16695,5.970223889,37.62134333,334.4870069
16696,5.970473333,37.62284,336.7020849
16697,5.970721944,37.62433167,338.6828888
16698,5.970968611,37.62581167,347.8587505
16699,5.971216389,37.62729833,349.0364844
16700,5.971528056,37.62916833,347.6996244
16701,5.971838611,37.63103167,347.0510957
16702,5.972086944,37.63252167,342.3634804
16703,5.972336389,37.63401833,336.0602803
16704,5.972583333,37.6355,333.8330132
16705,5.972832778,37.63699667,336.3944256
16706,5.973148889,37.63889333,330.8511969
16707,5.973461111,37.64076667,330.7426361
16708,5.973709722,37.64225833,322.9712291
16709,5.973960278,37.64376167,316.6991458
16710,5.974208611,37.64525167,329.0818225
16711,5.974454722,37.64672833,326.043609
16712,5.974766389,37.64859833,330.2518505
16713,5.975078333,37.65047,326.5652086
16714,5.975328056,37.65196833,321.429023
16715,5.975576667,37.65346,314.5405815
16716,5.975826667,37.65496,310.8911854
16717,5.976079167,37.656475,313.5908432
16718,5.976394444,37.65836667,313.1982045
16719,5.976703333,37.66022,315.2913541
16720,5.976951944,37.66171167,313.5805478
16721,5.977199444,37.66319667,312.4665639
16722,5.977452222,37.66471333,314.9146833
16723,5.977699167,37.666195,312.8513505
16724,5.978012778,37.66807667,310.1657183
16725,5.978323333,37.66994,303.3824657
16726,5.978570278,37.67142167,300.5683895
16727,5.978822222,37.67293333,297.5148775
16728,5.979073333,37.67444,306.8305985
16729,5.979326667,37.67596,307.7995801
16730,5.979643056,37.67785833,310.1964328
16731,5.979953333,37.67972,310.9189605
16732,5.980202778,37.68121667,306.0796571
16733,5.980449444,37.68269667,299.8489052
16734,5.980699167,37.684195,300.8212228
16735,5.980946944,37.68568167,296.7429505
16736,5.981258056,37.68754833,292.7882638
16737,5.981570556,37.68942333,289.396283
16738,5.98182,37.69092,284.4702706
16739,5.982068889,37.69241333,279.5727353
16740,5.982319722,37.69391833,278.8928856
16741,5.982568611,37.69541167,262.1750831
16742,5.982881667,37.69729,262.4421647
16743,5.983187778,37.69912667,263.5980714
16744,5.983433056,37.7,263.6578841
16745,5.983680556,37.7,263.2727079
16746,5.983928333,37.7,265.6961059
16747,5.984176111,37.7,267.3651565
16748,5.984489167,37.7,266.9695732
16749,5.984799167,37.7,262.1462267
16750,5.985045833,37.7,260.637671
16751,5.985294167,37.7,259.5768476
16752,5.985541111,37.7,269.9028321
16753,5.985788611,37.7,278.0608408
16754,5.986099444,37.7,278.1031066
16755,5.986406944,37.7,279.8728018
16756,5.986656389,37.7,277.8812692
16757,5.986910556,37.7,275.2490445
16758,5.987158333,37.7,275.0762294
16759,5.987409444,37.7,278.033889
16760,5.987723611,37.7,281.5500096
16761,5.988033611,37.7,280.7656401
16762,5.988282222,37.7,278.9980388
16763,5.988531667,37.7,276.7840845
16764,5.988782222,37.7,275.1465814
16765,5.989030278,37.7,275.2631874
16766,5.989341389,37.7,274.4545306
16767,5.98965,37.7,272.7948731
16768,5.989897778,37.7,270.1496197
16769,5.990143333,37.7,267.1696229
16770,5.990389167,37.7,263.2372836
16771,5.990637778,37.7,261.1779578
16772,5.990954167,37.7,256.9408345
16773,5.991268333,37.7,253.0564462
16774,5.991514167,37.7,247.4252023
16775,5.9917625,37.7,241.4928528
16776,5.992012778,37.7,247.3012305
16777,5.992261667,37.7,251.9475347
16778,5.992578889,37.7,253.3381667
16779,5.9928975,37.7,254.6810152
16780,5.993145278,37.7,251.699487
16781,5.993395556,37.7,249.1964635
16782,5.993645,37.7,245.7897528
16783,5.993892778,37.7,247.798183
16784,5.994206667,37.7,249.928041
16785,5.994518611,37.7,257.7353492
16786,5.994766111,37.7,261.8377786
16787,5.995014722,37.7,265.3342268
16788,5.995263333,37.7,276.2679145
16789,5.995510556,37.7,281.2774783
16790,5.995821667,37.7,287.0335992
16791,5.996131389,37.7,279.2541753
16792,5.996376944,37.7,279.1742248
16793,5.996623889,37.7,279.3820257
16794,5.996875,37.7,284.0776893
16795,5.997123333,37.7,286.5402442
16796,5.997434167,37.7,288.2639975
16797,5.997746667,37.7,284.1833068
16798,5.997997778,37.7,285.2539452
16799,5.998251389,37.7,285.3539762
16800,5.998500833,37.7,287.8240973
16801,5.998750833,37.7,287.4376871
16802,5.999069167,37.7,285.8873304
16803,5.999383889,37.7,283.8004647
16804,5.999632778,37.7,282.2048565
16805,5.999881111,37.7,280.4276078
16806,6.000130833,37.70157,277.9709276
16807,6.000381111,37.70457333,276.8397439
16808,6.000699167,37.70839,276.5787202
16809,6.001006944,37.71208333,279.8910017
16810,6.001256667,37.71508,275.0204819
16811,6.001505278,37.71806333,271.2109325
16812,6.001755556,37.72106667,271.2201388
16813,6.002005556,37.72406667,272.8599121
16814,6.002317222,37.72780667,270.2221259
16815,6.002624167,37.73149,267.7665895
16816,6.00287,37.73444,272.0695968
16817,6.003117778,37.73741333,275.439752
16818,6.003368056,37.74041667,284.7031303
16819,6.003616389,37.74339667,292.7707619
16820,6.003926667,37.74712,296.5000894
16821,6.004235833,37.75083,303.9283504
16822,6.00449,37.75388,306.9139892
16823,6.004743056,37.75691667,308.276917
16824,6.004990833,37.75989,312.8610991
16825,6.005240556,37.76288667,316.2725645
16826,6.005554444,37.76665333,313.5770979
16827,6.005866389,37.77039667,318.5921553
16828,6.006114722,37.77337667,314.5631225
16829,6.006363611,37.77636333,310.873809
16830,6.006613889,37.77936667,317.5609542
16831,6.006863889,37.78236667,316.1924918
16832,6.007179444,37.78615333,322.6452279
16833,6.007493889,37.78992667,321.6728195
16834,6.007742222,37.79290667,325.5346636
16835,6.007990556,37.79588667,328.9007401
16836,6.008241944,37.79890333,330.7343587
16837,6.008489444,37.80187333,331.2983166
16838,6.008806667,37.80568,332.0224671
16839,6.009120833,37.80945,334.408241
16840,6.009369444,37.81243333,332.5770826
16841,6.009617222,37.81540667,330.745835
16842,6.009871111,37.81845333,340.3543388
16843,6.010124167,37.82149,341.8364474
16844,6.010436944,37.82524333,339.9152783
16845,6.010743056,37.82891667,336.5278747
16846,6.010988889,37.83186667,330.5619239
16847,6.011238333,37.83486,324.6908119
16848,6.011490278,37.83788333,311.6259366
16849,6.011740833,37.84089,319.9014866
16850,6.012055,37.84466,326.6142475
16851,6.012365833,37.84839,330.7526613
16852,6.012618611,37.85142333,329.4447027
16853,6.0128675,37.85441,326.6876671
16854,6.013115833,37.85739,328.8764692
16855,6.0133625,37.86035,326.2473921
16856,6.013677778,37.86413333,323.6817207
16857,6.013992222,37.86790667,321.1178281
16858,6.014243611,37.87092333,315.8691205
16859,6.014494722,37.87393667,310.5245471
16860,6.014745,37.87694,309.2277141
16861,6.014994722,37.87993667,292.5188169
16862,6.015308056,37.88369667,290.801986
16863,6.015620556,37.88744667,292.1873828
16864,6.015869167,37.89043,293.1084652
16865,6.016118333,37.89342,294.239263
16866,6.016364444,37.89637333,296.9596776
16867,6.016613889,37.89936667,300.1949604
16868,6.016927222,37.90156333,297.9371855
16869,6.017238889,37.90343333,289.7701057
16870,6.017489167,37.904935,287.3407908
16871,6.017740556,37.90644333,284.8288706
16872,6.017987778,37.90792667,292.0416235
16873,6.018236667,37.90942,298.4660138
16874,6.018548056,37.91128833,300.6300547
16875,6.018859722,37.91315833,304.1605157
16876,6.019106111,37.91463667,309.8763775
16877,6.019353056,37.91611833,315.1882196
16878,6.019601667,37.91761,315.3165682
16879,6.019851111,37.91910667,317.7957192
16880,6.020167222,37.92100333,318.9128611
16881,6.020478889,37.92287333,318.31666
16882,6.020728333,37.92437,310.3317653
16883,6.020979722,37.92587833,302.3386946
16884,6.021228056,37.92736833,306.4012751
16885,6.021480278,37.92888167,309.032123
16886,6.021794722,37.93076833,310.3175921
16887,6.022107222,37.93264333,312.0412886
16888,6.0223575,37.934145,310.96136
16889,6.022606667,37.93564,308.7641917
16890,6.022856667,37.93714,305.8933048
16891,6.023107778,37.93864667,302.8072023
16892,6.023423611,37.94054167,302.8405102
16893,6.023735278,37.94241167,299.5237332
16894,6.02398,37.94388,292.2579891
16895,6.024228889,37.94537333,285.4486267
16896,6.024475278,37.94685167,288.2629147
16897,6.024725,37.94835,291.1095429
16898,6.0250375,37.950225,295.1224368
16899,6.025348056,37.95208833,289.8451944
16900,6.025596111,37.95357667,285.7928736
16901,6.025844444,37.95506667,281.8368188
16902,6.026094722,37.95656833,277.937788
16903,6.026346667,37.95808,277.637709
16904,6.026663056,37.95997833,280.3569696
16905,6.026976389,37.96185833,279.7970265
16906,6.027224722,37.96334833,281.6227602
16907,6.027472778,37.96483667,282.8291568
16908,6.027724722,37.96634833,291.7402427
16909,6.027973333,37.96784,294.1594626
16910,6.028286944,37.96972167,300.1032154
16911,6.028599167,37.971595,297.1864039
16912,6.028848611,37.97309167,299.271092
16913,6.029094722,37.97456833,301.6680766
16914,6.029345,37.97607,312.7070567
16915,6.029599722,37.97759833,317.9547401
16916,6.029920556,37.97952333,318.9143924
16917,6.030234722,37.98140833,319.3092496
16918,6.030486111,37.98291667,319.5550277
16919,6.0307375,37.984425,319.5514018
16920,6.0309875,37.985925,321.4367091
16921,6.031238056,37.98742833,324.2448175
16922,6.031552778,37.98931667,323.0657023
16923,6.031863889,37.99118333,321.9381013
16924,6.03211,37.99266,322.3910446
16925,6.032359444,37.99415667,321.7098291
16926,6.032609722,37.99565833,320.4568271
16927,6.032860833,37.997165,316.1278849
16928,6.033174444,37.99904667,309.9990133
16929,6.033490833,38.00189,302.2770843
16930,6.03374,38.00488,294.8726183
16931,6.033990556,38.00788667,287.8498059
16932,6.034241667,38.0109,285.4744656
16933,6.034493611,38.01392333,284.8305221
16934,6.034806389,38.01767667,282.5447745
16935,6.035116944,38.02140333,274.6449005
16936,6.035369167,38.02443,274.5729492
16937,6.0356225,38.02747,273.131303
16938,6.035871667,38.03046,279.9394019
16939,6.036126389,38.03351667,279.1671531
16940,6.036444444,38.03733333,280.520985
16941,6.036757778,38.04109333,279.2939171
16942,6.037006667,38.04408,276.4650886
16943,6.037256667,38.04708,273.4253317
16944,6.037506667,38.05008,279.1719572
16945,6.037756667,38.05308,280.4833662
16946,6.038076389,38.05691667,279.7256465
16947,6.038391111,38.06069333,286.262975
16948,6.038643333,38.06372,292.0428145
16949,6.038893611,38.06672333,297.370195
16950,6.039141389,38.06969667,297.8144709
16951,6.039388611,38.07266333,305.7870094
16952,6.039705556,38.07646667,310.2784826
16953,6.040017222,38.08020667,307.1308665
16954,6.040263889,38.08316667,310.8716735
16955,6.040512778,38.08615333,314.6819134
16956,6.040761111,38.08913333,316.7547515
16957,6.041011389,38.09213667,310.0314429
16958,6.041323333,38.09588,308.2192349
16959,6.041632778,38.09959333,306.6850454
16960,6.041883056,38.10259667,303.762337
16961,6.042129167,38.10555,300.0206705
16962,6.042375833,38.10851,304.5149011
16963,6.042625278,38.11150333,307.3677399
16964,6.042938889,38.11526667,305.4643554
16965,6.043249444,38.11899333,304.6130177
16966,6.043496111,38.12195333,298.052884
16967,6.043746111,38.12495333,292.2756205
16968,6.043998889,38.12798667,269.0961056
16969,6.044246111,38.13095333,273.6204058
16970,6.044558889,38.13470667,268.8701957
16971,6.044870278,38.13844333,273.1377834
16972,6.045119722,38.14143667,270.5340204
16973,6.045369167,38.14443,266.1978815
16974,6.045619722,38.14743667,265.2248501
16975,6.045867778,38.15041333,267.7696005
16976,6.046186389,38.15423667,267.7448522
16977,6.046498889,38.15798667,264.197458
16978,6.046747222,38.16096667,262.6545947
16979,6.046991944,38.16390333,261.4719799
16980,6.047241389,38.16689667,262.9294679
16981,6.047493889,38.16992667,264.279265
16982,6.047816111,38.17379333,259.1636401
16983,6.048134167,38.17761,258.7764346
16984,6.048383611,38.18060333,259.6726572
16985,6.048638611,38.18366333,260.9683146
16986,6.048889722,38.18667667,268.5208962
16987,6.049139167,38.18967,271.2756939
16988,6.049457222,38.19348667,276.0577587
16989,6.049770556,38.19724667,269.1822952
16990,6.050018611,38.20011167,263.1544859
16991,6.050263889,38.20158333,256.6206126
16992,6.050510833,38.203065,256.9458056
16993,6.050760278,38.20456167,258.4157874
16994,6.051077222,38.20646333,253.860132
16995,6.05139,38.20834,253.8217617
16996,6.051637778,38.20982667,256.018291
16997,6.051884167,38.211305,258.2569297
16998,6.052130833,38.212785,264.4870948
16999,6.0523775,38.214265,265.7821928
17000,6.052690833,38.216145,270.1051235
17001,6.053003611,38.21802167,268.1846904
17002,6.053253889,38.21952333,260.1513132
17003,6.0535025,38.221015,251.5223911
17004,6.053752778,38.22251667,260.7784737
17005,6.054003056,38.22401833,262.5778481
17006,6.054321111,38.22592667,261.0340173
17007,6.054636667,38.22782,260.0646664
17008,6.054891389,38.22934833,256.3385433
17009,6.055138056,38.23082833,251.8920009
17010,6.055386389,38.23231833,256.2623353
17011,6.055636111,38.23381667,255.4075861
17012,6.055951111,38.23570667,254.6207242
17013,6.056264722,38.23758833,251.0203162
17014,6.056512222,38.23907333,248.0388968
17015,6.056761944,38.24057167,244.8323751
17016,6.057010556,38.24206333,239.8076656
17017,6.057263333,38.24358,237.2100646
17018,6.057588611,38.24553167,242.3411095
17019,6.057904167,38.247425,235.3705398
17020,6.058153333,38.24892,233.0932104
17021,6.058403056,38.25041833,231.2813223
17022,6.058650556,38.25190333,225.823714
17023,6.058901111,38.25340667,219.9912316
17024,6.059213333,38.25528,217.5553055
17025,6.059521389,38.25712833,215.9274639
17026,6.059774444,38.25864667,213.4574532
17027,6.060028333,38.26017,210.6755164
17028,6.060276111,38.26165667,214.5059435
17029,6.060522778,38.26313667,216.1000522
17030,6.060836111,38.26501667,221.3748139
17031,6.061148333,38.26689,223.8710731
17032,6.061395278,38.26837167,226.2076264
17033,6.061643611,38.26986167,228.5729598
17034,6.061893611,38.27136167,238.0898741
17035,6.062145556,38.27287333,239.9718801
17036,6.062463611,38.27478167,239.1176
17037,6.062775,38.27665,240.2883514
17038,6.063024444,38.27814667,237.2697751
17039,6.063279444,38.27967667,234.5697252
17040,6.063528056,38.28116833,236.6375971
17041,6.063775556,38.28265333,238.0341511
17042,6.064085278,38.28451167,240.2055007
17043,6.064393333,38.28636,241.9776968
17044,6.064645556,38.28787333,242.7655835
17045,6.064896944,38.28938167,241.9201761
17046,6.065148889,38.29089333,249.0420845
17047,6.065396667,38.29238,245.8880706
17048,6.065710833,38.294265,245.8047335
17049,6.066020833,38.296125,237.4558281
17050,6.066270833,38.297625,235.8587721
17051,6.066518611,38.29911167,234.4440557
17052,6.066766111,38.30059667,237.047473
17053,6.0670175,38.302105,237.3528132
17054,6.067335833,38.304015,241.1915786
17055,6.067651111,38.30590667,240.2903565
17056,6.067902222,38.30741333,239.8116941
17057,6.068150556,38.30890333,238.0003558
17058,6.068398333,38.31039,246.6677075
17059,6.068646667,38.31188,245.5356123
17060,6.068962778,38.31377667,248.2025429
17061,6.069271944,38.31563167,246.3510277
17062,6.069522778,38.31713667,244.9389035
17063,6.069771389,38.31862833,244.4645199
17064,6.070020278,38.32012167,253.6259224
17065,6.070273056,38.32163833,254.5507203
17066,6.070586389,38.32351833,255.4322488
17067,6.070896389,38.32537833,259.8911688
17068,6.071144722,38.32686833,273.4895755
17069,6.071396389,38.32837833,287.0649018
17070,6.0716475,38.329885,289.5723259
17071,6.071900833,38.331405,299.1874569
17072,6.072217778,38.33330667,299.6630719
17073,6.072525833,38.335155,300.4230501
17074,6.072771389,38.33662833,303.5785324
17075,6.073020556,38.33812333,305.3933011
17076,6.073270278,38.33962167,312.7212156
17077,6.073518889,38.34111333,307.8976067
17078,6.0738375,38.343025,307.3903416
17079,6.074150556,38.34490333,304.8187851
17080,6.074400556,38.34640333,299.5201474
17081,6.074649444,38.34789667,293.6809643
17082,6.074897778,38.34938667,294.3391836
17083,6.075146944,38.35088167,297.451497
17084,6.075459722,38.35275833,299.9673067
17085,6.075769167,38.354615,303.7425908
17086,6.076017222,38.35610333,309.4230899
17087,6.0762675,38.357605,315.2616653
17088,6.076521111,38.35912667,309.2858918
17089,6.076771944,38.36063167,308.4480477
17090,6.077086944,38.36252167,300.540301
17091,6.077397778,38.36438667,298.2635578
17092,6.077645278,38.36587167,293.5912551
17093,6.077894167,38.367365,288.6335733
17094,6.078145833,38.368875,293.1507722
17095,6.078394722,38.37036833,297.9452827
17096,6.078704167,38.372225,301.9456881
17097,6.079013056,38.37407833,303.557565
17098,6.079266111,38.37559667,307.6164515
17099,6.079515,38.37709,311.6674649
17100,6.079762778,38.37857667,318.3361551
17101,6.080011111,38.38006667,323.2748851
17102,6.080325278,38.38195167,323.4457311
17103,6.080636667,38.38382,326.8921786
17104,6.080884722,38.38530833,334.7428757
17105,6.081136667,38.38682,343.5213978
17106,6.081386389,38.38831833,354.8451973
17107,6.081636389,38.38981833,362.4924633
17122,6.085750833,38.414505,366.8440949
17123,6.086003333,38.41602,368.728673
17124,6.086253611,38.41752167,363.9611654
17125,6.086502222,38.41901333,360.7426844
17126,6.086815833,38.420895,356.8142803
17127,6.0871225,38.422735,353.15652
17128,6.087369444,38.42421667,348.5786724
17129,6.087620556,38.42572333,344.1981699
17130,6.087869444,38.42721667,342.1651805
17131,6.088118611,38.42871167,342.1377585
17132,6.08843,38.43058,340.3819178
17133,6.088738056,38.43242833,334.1302154
17134,6.088985,38.43391,327.7896802
17135,6.089238889,38.43543333,326.0020458
17136,6.089488056,38.43692833,316.5402136
17137,6.0897375,38.438425,307.4767603
17138,6.090053889,38.44032333,304.823249
17139,6.090368333,38.44221,299.4554602
17140,6.090617778,38.44370667,293.1223565
17141,6.090868056,38.44520833,293.963291
17142,6.0911175,38.446705,291.9743063
17143,6.091367778,38.44820667,289.4511537
17144,6.091686944,38.45012167,293.9819853
17145,6.092002778,38.45201667,291.0401402
17146,6.092251389,38.45350833,288.2446315
17147,6.092503889,38.45502333,291.4609329
17148,6.092753056,38.45651833,285.1024094
17149,6.093004722,38.45802833,273.4952868
17150,6.093319444,38.45991667,265.2113262
17151,6.093628333,38.46177,257.7734706
17152,6.093881667,38.46329,250.670622
17153,6.094128611,38.46477167,250.7281224
17154,6.094375833,38.466255,248.7655141
17155,6.094623611,38.46774167,244.7141838
17156,6.094940556,38.46964333,246.1717608
17157,6.095251111,38.47150667,242.0676144
17158,6.095499722,38.47299833,237.1999423
17159,6.095748333,38.47449,236.4891047
17160,6.095995,38.47597,231.4098723
17161,6.096243611,38.47746167,233.5987747
17162,6.096564444,38.47938667,230.852671
17163,6.096879722,38.48127833,226.9632544
17164,6.097126389,38.48275833,222.9761492
17165,6.097373889,38.48424333,225.4403563
17166,6.097623333,38.48574,228.4658142
17167,6.097871944,38.48723167,228.4960532
17168,6.098188333,38.48913,224.7923641
17169,6.098500278,38.49100167,223.07861
17170,6.098746389,38.49247833,220.5362613
17171,6.098993333,38.49396,221.5511738
17172,6.0992425,38.495455,215.6445479
17173,6.099494444,38.49696667,219.2502468
17174,6.09981,38.49886,222.1167291
17175,6.100123611,38.50074167,220.2708563
17176,6.100376389,38.50225833,219.2225678
17177,6.100623889,38.50374333,226.6295484
17178,6.100871667,38.50523,223.5567757
17179,6.101123056,38.50673833,222.140355
17180,6.10144,38.50864,219.1500792
17181,6.101756944,38.51054167,218.8280499
17182,6.10201,38.51206,218.2006066
17183,6.102259722,38.51355833,220.4738391
17184,6.102505556,38.51503333,219.8829925
17185,6.102755833,38.516535,214.5274493
17186,6.103069167,38.518415,215.3448122
17187,6.103380833,38.520285,212.8576995
17188,6.103633056,38.52179833,209.2989233
17189,6.1038825,38.523295,213.0123482
17190,6.104131944,38.52479167,210.3555031
17191,6.104380278,38.52628167,212.5649531
17192,6.104701111,38.52820667,206.9232964
17193,6.105016389,38.53009833,200.0142641
17194,6.105265,38.53159,192.4020524
17195,6.105515278,38.53309167,195.2173037
17196,6.105765833,38.534595,203.7644734
17197,6.106014167,38.536085,207.1084519
17198,6.106328889,38.53797333,210.4011661
17199,6.106639167,38.539835,211.4075381
17200,6.106886944,38.54132167,211.8721729
17201,6.107138056,38.54282833,208.5248184
17202,6.107390278,38.54434167,211.620317
17203,6.107638889,38.54583333,207.3892448
17204,6.107956111,38.54773667,203.9408239
17205,6.108265556,38.54959333,202.3175108
17206,6.108512222,38.55107333,201.5818826
17207,6.108760278,38.55256167,208.9759216
17208,6.109010556,38.55406333,207.5832651
17209,6.109257222,38.55554333,203.3797824
17210,6.109570556,38.55742333,200.4192603
17211,6.1098775,38.559265,195.3397164
17212,6.110125278,38.56075167,190.3696729
17213,6.110372222,38.56223333,191.3281937
17214,6.110621667,38.56373,193.0132307
17215,6.110876944,38.56526167,189.8789621
17216,6.111198056,38.56718833,194.9965582
17217,6.111509444,38.56905667,197.779679
17218,6.111758056,38.57054833,201.2409619
17219,6.1120075,38.572045,206.8809006
17220,6.112256111,38.57353667,213.4363991
17221,6.112503056,38.57501833,219.1616062
17222,6.112816944,38.57690167,218.30575
17223,6.1131225,38.578735,223.8683444
17224,6.113368889,38.58021333,229.1296614
17225,6.113615833,38.581695,243.766744
17226,6.113865278,38.58319167,258.3883741
17227,6.114113611,38.58468167,260.2388723
17228,6.114426944,38.58656167,266.0959309
17229,6.114736111,38.58841667,269.7399965
17230,6.114986944,38.58992167,273.5941591
17231,6.115235833,38.591415,282.1030994
17232,6.115482778,38.59289667,289.6313268
17233,6.115729444,38.59437667,292.9700146
17234,6.1160425,38.596255,292.9405597
17235,6.116353889,38.59812333,296.6181069
17236,6.116602778,38.59961667,299.5053341
17237,6.116849167,38.601095,301.1060258
17238,6.117098056,38.60258833,303.2484508
17239,6.117348611,38.60409167,305.5202381
17240,6.117661667,38.60597,302.0641809
17241,6.117975278,38.60785167,301.1891375
17242,6.118225278,38.60935167,300.2182958
17243,6.118471111,38.61082667,301.9743248
17244,6.118718056,38.61230833,302.4458126
17245,6.118964167,38.613785,308.6910354
17246,6.119278056,38.61566833,311.3929974
17247,6.119589167,38.617535,311.4864762
17248,6.119836389,38.61901833,310.2836506
17249,6.120083889,38.62050333,311.0527601
17250,6.120334167,38.622005,310.8437145
17251,6.120583611,38.62350167,313.1731428
17252,6.120900278,38.62540167,317.136638
17253,6.121214167,38.627285,316.6026691
17254,6.121467778,38.62880667,315.4807736
17255,6.121723333,38.63034,318.8345285
17256,6.121974722,38.63184833,320.9055198
17257,6.1222225,38.633335,314.9058898
17258,6.122535833,38.635215,314.0923877
17259,6.122844444,38.63706667,305.4126185
17260,6.123091944,38.63855167,296.2587489
17261,6.123337778,38.64002667,297.0286539
17262,6.123586389,38.64151833,292.3627243
17263,6.123835833,38.643015,285.8376116
17264,6.124146667,38.64488,290.9546824
17265,6.124451111,38.64670667,284.8249786
17266,6.124701389,38.64820833,278.6283729
17267,6.1249525,38.649715,280.5152563
17268,6.125202778,38.65121667,278.3639004
17269,6.125452222,38.65271333,271.4657504
17270,6.125763056,38.65457833,266.9886675
17271,6.126070833,38.656425,271.4852178
17272,6.126318611,38.65791167,276.3961404
17273,6.126566944,38.65940167,280.2689002
17274,6.126813889,38.66088333,279.7993481
17275,6.127062222,38.66237333,276.889568
17276,6.127375833,38.664255,278.93276
17277,6.127685556,38.66611333,277.0179701
17278,6.127935833,38.667615,275.1691664
17279,6.128185556,38.66911333,273.9533271
17280,6.128436389,38.67061833,273.1714287
17281,6.128684167,38.672105,276.0626026
17282,6.129000278,38.67400167,277.9152397
17283,6.129309444,38.67585667,281.1546508
17284,6.129556667,38.67734,284.211239
17285,6.129806111,38.67883667,293.9593341
17286,6.130056389,38.68033833,300.6487327
17287,6.130304444,38.68182667,299.9959564
17288,6.130617778,38.68370667,303.6642342
17289,6.1309275,38.685565,304.7391244
17290,6.131178056,38.68706833,305.4237143
17291,6.131428889,38.68857333,304.814449
17292,6.131681389,38.69008833,288.9045325
17293,6.13193,38.69158,298.9324555
17294,6.132249722,38.69349833,301.7705959
17295,6.132561389,38.69536833,301.3258093
17296,6.132808889,38.69685333,300.0718548
17297,6.133059444,38.69835667,302.0232212
17298,6.133313333,38.69988,300.5478369
17299,6.133563611,38.70138167,304.7361563
17300,6.133876111,38.70325667,302.7170603
17301,6.134181944,38.70509167,296.6345746
17302,6.134431667,38.70659,290.2874851
17303,6.134681389,38.70808833,296.4117248
17304,6.134929444,38.70957667,295.6069594
17305,6.13518,38.71108,295.5579622
17306,6.135496111,38.71297667,298.3582634
17307,6.1358075,38.714845,295.7056641
17308,6.1360575,38.716345,292.1380662
17309,6.136309167,38.717855,287.8598323
17310,6.136555833,38.719335,287.6832044
17311,6.136799167,38.720795,294.0113706
17312,6.137114444,38.72268667,289.4069603
17313,6.137428056,38.72456833,285.6730972
17314,6.137679444,38.72607667,281.1477172
17315,6.137933056,38.72759833,283.4263604
17316,6.138181667,38.72909,288.6477116
17317,6.138426667,38.73056,289.8767525
17318,6.138740833,38.732445,287.1520718
17319,6.139052778,38.73431667,280.2641529
17320,6.139301667,38.73581,273.4235098
17321,6.1395525,38.737315,275.1823149
17322,6.139798056,38.73878833,277.1150165
17323,6.140044722,38.74026833,273.2646645
17324,6.14036,38.74216,271.1773503
17325,6.140670556,38.74402333,272.9798277
17326,6.140918333,38.74551,273.4195669
17327,6.141169444,38.74701667,279.9155379
17328,6.141416111,38.74849667,275.7669985
17329,6.141661944,38.74997167,269.1326836
17330,6.141977222,38.75186333,265.6685411
17331,6.142292778,38.75375667,259.6786955
17332,6.142543889,38.75526333,254.3311386
17333,6.142793333,38.75676,254.0713762
17334,6.143041944,38.75825167,256.5069656
17335,6.143292222,38.75975333,257.4544901
17336,6.143602222,38.76161333,261.3624949
17337,6.1439125,38.763475,261.3513708
17338,6.144160278,38.76496167,261.1275955
17339,6.144408889,38.76645333,257.811538
17340,6.144658333,38.76795,255.7716887
17341,6.144908611,38.76945167,259.0020503
17342,6.145223056,38.77133833,253.7397918
17343,6.145533611,38.77320167,255.160534
17344,6.1457825,38.774695,257.1966615
17345,6.146028889,38.77617333,262.3100978
17346,6.146275556,38.77765333,269.9114806
17347,6.146525833,38.779155,270.6251812
17348,6.146842222,38.78105333,271.5966121
17349,6.147153889,38.78292333,268.5673866
17350,6.147404167,38.784425,265.9772822
17351,6.147654722,38.78592833,261.853733
17352,6.147903056,38.78741833,265.2151546
17353,6.148150556,38.78890333,267.6856568
17354,6.148467778,38.79080667,263.6353036
17355,6.148785556,38.79271333,266.4541082
17356,6.149030556,38.79418333,269.4542903
17357,6.149275278,38.79565167,277.8317769
17358,6.149523056,38.79713833,281.3261145
17359,6.149775278,38.79865167,283.0623863
17360,6.150085,38.80051,284.7863523
17361,6.150395556,38.80237333,281.56573
17362,6.150643333,38.80386,278.4250808
17363,6.150890833,38.805345,280.1772974
17364,6.151143056,38.80685833,284.2418203
17365,6.1513925,38.808355,288.1008274
17366,6.151707778,38.81024667,291.3596082
17367,6.152015556,38.81209333,295.3296051
17368,6.152260556,38.81356333,297.9775143
17369,6.15251,38.81506,302.904415
17370,6.152759444,38.81655667,302.9135087
17371,6.153010556,38.81806333,300.5614572
17372,6.153323333,38.81994,299.0137041
17373,6.153635,38.82181,300.6334284
17374,6.153882778,38.82329667,301.8844629
17375,6.154131944,38.82479167,302.4407446
17376,6.154381667,38.82629,307.0726914
17377,6.154630833,38.827785,306.0816535
17378,6.154948056,38.82968833,308.9989443
17379,6.155259444,38.83155667,302.8932475
17380,6.155509167,38.833055,296.9900648
17381,6.155763889,38.83458333,297.3927484
17382,6.156015833,38.836095,294.2278067
17383,6.156265556,38.83759333,285.2294426
17384,6.156581667,38.83949,288.6705239
17385,6.156895278,38.84137167,281.0043254
17386,6.157142778,38.84285667,271.9547861
17387,6.157391111,38.84434667,271.8661597
17388,6.157641667,38.84585,268.0518993
17389,6.157890278,38.84734167,263.9690946
17390,6.158205278,38.84923167,262.1375633
17391,6.158514167,38.851085,267.7684252
17392,6.158764722,38.85258833,273.4521926
17393,6.159016944,38.85410167,276.6521013
17394,6.159268333,38.85561,268.5730515
17395,6.159516944,38.85710167,265.9003323
17396,6.15983,38.85898,264.6775111
17397,6.160143611,38.86086167,262.2326207
17398,6.160391389,38.86234833,259.6590957
17399,6.160644167,38.863865,260.0141134
17400,6.160892778,38.86535667,256.2547535
17401,6.161141389,38.86684833,255.6636515
17402,6.1614575,38.868745,250.6704875
17403,6.161769722,38.87061833,253.3268189
17404,6.162017778,38.87210667,256.0716655
17405,6.162266944,38.87360167,266.5054923
17406,6.162516667,38.8751,265.9196781
17407,6.162765,38.87659,260.4415753
17408,6.163082778,38.87849667,262.7049441
17409,6.163394722,38.88036833,262.8245143
17410,6.163645,38.88187,261.8827869
17411,6.1638925,38.883355,264.4745404
17412,6.164140833,38.884845,250.0700793
17413,6.164386944,38.88632167,256.4323643
17414,6.164700278,38.88820167,255.4666319
17415,6.165011667,38.89007,252.2047614
17416,6.1652625,38.891575,247.8664318
17417,6.1655125,38.893075,248.2947529
17418,6.165756667,38.89454,246.1071926
17419,6.166005278,38.89603167,245.3028315
17420,6.166316667,38.8979,239.1663782
17421,6.166623889,38.89974333,238.9461275
17422,6.166869444,38.90121667,238.866073
17423,6.167119167,38.902715,247.9224365
17424,6.167368611,38.90421167,252.3074553
17425,6.167617778,38.90570667,254.1866782
17426,6.167928611,38.90757167,260.761438
17427,6.168235833,38.909415,260.473735
17428,6.168481389,38.91088833,259.7351522
17429,6.168733611,38.91240167,260.8870301
17430,6.1689875,38.913925,263.629175
17431,6.169240833,38.915445,269.5832733
17432,6.169558889,38.91735333,266.8124621
17433,6.169872222,38.91923333,266.8607224
17434,6.170122222,38.92073333,265.8438745
17435,6.170366389,38.92219833,270.7952412
17436,6.170611389,38.92366833,272.7651565
17437,6.17086,38.92516,270.4713526
17438,6.171177778,38.92706667,262.9306848
17439,6.1714875,38.928925,260.6127663
17440,6.171735278,38.93041167,258.9729083
17441,6.171983611,38.93190167,256.0088574
17442,6.172231389,38.93338833,251.2811859
17443,6.172478889,38.93487333,246.5180948
17444,6.172793611,38.93676167,245.2046799
17445,6.173106667,38.93864,233.6073757
17446,6.173355556,38.94013333,220.7660196
17447,6.173604722,38.94162833,230.33589
17448,6.173857222,38.94314333,232.182927
17449,6.174104444,38.94462667,230.5985431
17450,6.174418611,38.94651167,236.8371257
17451,6.174728611,38.94837167,235.5196699
17452,6.1749775,38.949865,235.6602969
17453,6.175228611,38.95137167,239.9658243
17454,6.17548,38.95288,243.4661773
17455,6.17573,38.95438,250.2680083
17456,6.176038889,38.95623333,252.3537225
17457,6.176345278,38.95807167,257.1384388
17458,6.176594444,38.95956667,260.1227944
17459,6.176843056,38.96105833,256.0602011
17460,6.177091389,38.96254833,250.1790129
17461,6.17734,38.96404,249.9475201
17462,6.17765,38.9659,246.6408155
17463,6.177960278,38.96776167,245.0088884
17464,6.178208056,38.96924833,243.7818099
17465,6.178455,38.97073,244.6203148
17466,6.178702222,38.97221333,248.1282094
17467,6.178949167,38.973695,256.1594743
17468,6.179258056,38.97554833,261.3429847
17469,6.179566944,38.97740167,263.6415819
17470,6.179818333,38.97891,266.0318011
17471,6.180066111,38.98039667,265.6904262
17472,6.180314444,38.98188667,265.8003862
17473,6.180563889,38.98338333,264.422841
17474,6.180874444,38.98524667,262.4301722
17475,6.181183611,38.98710167,263.8091594
17476,6.181431111,38.98858667,265.6086967
17477,6.181679444,38.99007667,267.6191123
17478,6.181929722,38.99157833,267.9608142
17479,6.182181111,38.99308667,263.857197
17480,6.182494722,38.99496833,266.5410326
17481,6.182803333,38.99682,262.0695812
17482,6.183054722,38.99832833,257.0434509
17483,6.183304167,38.999825,256.8563465
17484,6.183553611,39.00132167,253.4950723
17485,6.183803056,39.00281833,251.2514659
17486,6.184115556,39.00469333,245.2113479
17487,6.184424167,39.006545,248.4451432
17488,6.184671944,39.00803167,250.8088593
17489,6.184923056,39.00953833,261.4639318
17490,6.1851775,39.011065,265.7885416
17491,6.185428889,39.01257333,267.6803474
17492,6.185743889,39.01446333,263.2204988
17493,6.1860525,39.016315,260.6384478
17494,6.186296389,39.01777833,259.254578
17495,6.186547778,39.01928667,263.732438
17496,6.186796667,39.02078,268.1138444
17497,6.187043333,39.02226,268.9800849
17498,6.187363889,39.02418333,269.942955
17499,6.187676389,39.02605833,268.5015147
17500,6.187924722,39.02754833,266.2410884
17501,6.1881725,39.029035,270.8825075
17502,6.188421944,39.03053167,272.6730591
17503,6.188672222,39.03203333,267.7062151
17504,6.188983056,39.03389833,272.4939009
17505,6.189294722,39.03576833,271.2828582
17506,6.189547778,39.03728667,269.4597689
17507,6.189795556,39.03877333,277.3761679
17508,6.190045,39.04027,279.4412241
17509,6.190292222,39.04175333,280.4345766
17510,6.190603889,39.04362333,280.2777139
17511,6.190914722,39.04548833,278.9672732
17512,6.191163056,39.04697833,276.3753823
17513,6.191410833,39.048465,282.3210501
17514,6.1916575,39.049945,275.7903806
17515,6.191903611,39.05142167,270.9282398
17516,6.192218889,39.05331333,262.4951745
17517,6.192529167,39.055175,259.773654
17518,6.192776944,39.05666167,258.0796252
17519,6.193027222,39.05816333,257.1537253
17520,6.193276667,39.05966,251.2453534
17521,6.193529722,39.06117833,247.8948608
17522,6.193846944,39.06308167,238.681656
17523,6.194158611,39.06495167,239.2082886
17524,6.194404167,39.066425,239.7776082
17525,6.194653056,39.06791833,246.0660959
17526,6.194903056,39.06941833,250.2279205
17527,6.19515,39.0709,251.1308604
17528,6.195468889,39.07281333,246.4816439
17529,6.195783889,39.07470333,243.0773617
17530,6.196031667,39.07619,240.3452159
17531,6.196280833,39.077685,244.2261555
17532,6.196529722,39.07917833,239.6680068
17533,6.196777222,39.08066333,241.3966888
17534,6.197086389,39.08251833,241.8138764
17535,6.197393889,39.08436333,243.4865415
17536,6.197641667,39.08585,243.9476034
17537,6.197890278,39.08734167,247.766088
17538,6.198140556,39.08884333,251.4398227
17539,6.198391944,39.09035167,245.9269186
17540,6.1987025,39.092215,240.726811
17541,6.199005,39.09403,242.684268
17542,6.199251667,39.09551,245.1822884
17543,6.199498333,39.09699,255.2191323
17544,6.199749722,39.09849833,265.0986788
17545,6.200000833,39.100005,266.9195167
17546,6.200312778,39.10187667,270.8486826
17547,6.200618611,39.10371167,271.9466518
17548,6.200869167,39.105215,272.6000036
17549,6.201118611,39.10671167,278.972874
17550,6.201368056,39.10820833,283.2686722
17551,6.201615556,39.10969333,291.1292259
17552,6.2019225,39.111535,286.2291005
17553,6.202235,39.11341,281.2178864
17554,6.202485556,39.11491333,275.1838937
17555,6.202735556,39.11641333,281.9477172
17556,6.202986111,39.11791667,287.277866
17557,6.203233889,39.11940333,283.5691535
17558,6.203540833,39.121245,277.7673707
17559,6.203845278,39.12307167,282.4108682
17560,6.204094444,39.12456667,286.7698775
17561,6.204343889,39.12606333,284.725459
17562,6.2045925,39.127555,284.7231853
17563,6.20484,39.12904,280.1174914
17564,6.205153333,39.13092,276.2890339
17565,6.205463056,39.13277833,258.4875081
17566,6.2057125,39.134275,240.1756867
17567,6.205961111,39.13576667,248.942449
17568,6.206213333,39.13728,257.1997321
17569,6.206464722,39.13878833,256.304097
17570,6.206775556,39.14065333,257.4591631
17571,6.2070825,39.142495,255.2781783
17572,6.207332222,39.14399333,253.3803414
17573,6.207579722,39.14547833,252.4892676
17574,6.207826389,39.14695833,251.5841562
17575,6.2080775,39.148465,251.7171697
17576,6.208393611,39.15036167,253.9330674
17577,6.208708056,39.15224833,257.3378705
17578,6.208958611,39.15375167,259.1429377
17579,6.209208056,39.15524833,256.4502774
17580,6.209456667,39.15674,252.1401708
17581,6.209706667,39.15824,254.6236124
17582,6.210019167,39.160115,252.127411
17583,6.210328056,39.16196833,249.5180463
17584,6.210575833,39.163455,246.8040362
17585,6.210824167,39.164945,250.030856
17586,6.211070278,39.16642167,250.7925698
17587,6.211317778,39.16790667,250.8406021
17588,6.211632222,39.16979333,250.2000462
17589,6.211944722,39.17166833,245.1219355
17590,6.212196667,39.17318,239.9146921
17591,6.212445278,39.17467167,244.9640621
17592,6.212691944,39.17615167,244.6670082
17593,6.212938889,39.17763333,241.4233085
17594,6.213254722,39.17952833,239.5044519
17595,6.213564722,39.18138833,237.4351809
17596,6.213812222,39.18287333,235.1846146
17597,6.214059722,39.18435833,234.3200921
17598,6.2143075,39.185845,232.1081146
17599,6.214556111,39.18733667,229.8514266
17600,6.214866944,39.18920167,228.9815666
17601,6.2151775,39.191065,226.7439374
17602,6.215426667,39.19256,223.5176023
17603,6.215676111,39.19405667,219.3083771
17604,6.215924722,39.19554833,213.7874752
17605,6.216174444,39.19704667,207.730426
17606,6.216484722,39.19890833,198.7458036
17607,6.216788889,39.2,202.0075577
17608,6.217035556,39.2,206.8824823
17609,6.217284444,39.2,216.4837166
17610,6.217534444,39.2,220.0567794
17611,6.217780833,39.2,227.3670913
17612,6.218091389,39.2,229.6574302
17613,6.218400833,39.2,232.5542352
17614,6.218647778,39.2,235.7695857
17615,6.218894722,39.2,242.8820921
17616,6.219142222,39.2,248.2607791
17617,6.219391389,39.2,252.1777824
17618,6.219701389,39.2,249.0185345
17619,6.220008889,39.2,249.5414728
17620,6.220259444,39.2,248.4077307
17621,6.220516111,39.2,256.0779963
17622,6.220766667,39.2,257.7981911
17623,6.221016944,39.2,251.7521241
17624,6.221328889,39.2,252.1946799
17625,6.22164,39.2,248.9549583
17626,6.221886667,39.2,245.8182615
17627,6.222135556,39.2,248.3021264
17628,6.222381389,39.2,248.5857516
17629,6.222628889,39.2,244.4142289
17630,6.222940556,39.2,241.2419159
17631,6.223249444,39.2,237.4456286
17632,6.223496111,39.2,232.0155958
17633,6.223743611,39.2,229.9686623
17634,6.223993056,39.2,228.2027472
17635,6.224242778,39.2,225.5397102
17636,6.224556111,39.2,212.2228145
17637,6.224866667,39.2,209.1107487
17638,6.225113056,39.2,207.1296363
17639,6.225359167,39.2,208.896596
17640,6.225607778,39.2,208.8305909
17641,6.225857222,39.2,209.5659751
17642,6.226168056,39.2,205.4865684
17643,6.226476667,39.2,209.58865
17644,6.226721389,39.2,213.8449797
17645,6.226966667,39.2,214.2045591
17646,6.227215,39.2,214.639881
17647,6.227461667,39.2,212.80214
17648,6.227775833,39.2,206.4071345
17649,6.228084722,39.2,200.8313854
17650,6.228336111,39.2,196.1209676
17651,6.228586389,39.2,200.6608363
17652,6.2288325,39.2,200.5571678
17653,6.229079722,39.2,205.1143909
17654,6.229389722,39.2,208.6625608
17655,6.229701111,39.2,219.351645
17656,6.229953611,39.2,228.4987368
17657,6.230201111,39.2,237.7439504
17658,6.230453333,39.2,244.0346129
17659,6.230708333,39.2,242.1970041
17660,6.231025278,39.2,243.8577662
17661,6.231336944,39.2,243.3480339
17662,6.231583611,39.2,244.0043418
17663,6.231833056,39.2,248.0615683
17664,6.232080833,39.2,256.4236944
17665,6.232331111,39.2,257.7439122
17666,6.232640556,39.2,259.8923635
17667,6.232946944,39.2,265.798532
17668,6.233193611,39.2,270.302409
17669,6.233440556,39.20064333,278.5609894
17670,6.233686944,39.20212167,280.2823487
17671,6.233937222,39.20362333,284.3416756
17672,6.234253333,39.20552,274.8776511
17673,6.234564167,39.207385,265.9141962
17674,6.234811667,39.20887,256.7949215
17675,6.235059444,39.21035667,259.4670518
17676,6.235311667,39.21187,262.4315264
17677,6.235563056,39.21337833,260.8754624
17678,6.235875278,39.21525167,259.741786
17679,6.236181667,39.21709,267.5696792
17680,6.236428333,39.21857,274.9795318
17681,6.236676944,39.22006167,275.2913604
17682,6.236926111,39.22155667,278.3526096
17683,6.237177778,39.22306667,277.492981
17684,6.237493611,39.22496167,272.636467
17685,6.237804167,39.226825,262.1245393
17686,6.238053889,39.22832333,251.0725164
17687,6.238305,39.22983,253.2064694
17688,6.238554444,39.23132667,258.4682748
17689,6.2388075,39.232845,259.6267871
17690,6.239118889,39.23471333,258.5741779
17691,6.239426389,39.23655833,258.245563
17692,6.239677222,39.23806333,257.0474181
17693,6.239927222,39.23956333,255.0560202
17694,6.240173889,39.24104333,251.8341254
17695,6.240423889,39.24254333,255.592242
17696,6.2407375,39.244425,261.9474762
17697,6.241047222,39.24628333,265.5235059
17698,6.241295556,39.24777333,269.617722
17699,6.241543611,39.24926167,272.0355066
17700,6.241796389,39.25077833,272.9350696
17701,6.242042222,39.25225333,279.0590321
17702,6.242358333,39.25415,283.1418795
17703,6.2426675,39.256005,282.3788861
17704,6.242915833,39.257495,280.0065278
17705,6.2431625,39.258975,288.111978
17706,6.24341,39.26046,288.8219001
17707,6.243660556,39.26196333,282.8959714
17708,6.243976667,39.26386,275.5629616
17709,6.244288333,39.26573,266.4931336
17710,6.244540278,39.26724167,257.8102432
17711,6.244791944,39.26875167,254.1095897
17712,6.245039444,39.27023667,252.3256676
17713,6.245285,39.27171,248.0126121
17714,6.245598333,39.27359,244.414897
17715,6.245911667,39.27547,235.5477693
17716,6.246162222,39.27697333,226.4481485
17717,6.246408333,39.27845,225.9484752
17718,6.246662222,39.27997333,219.4751572
17719,6.246913333,39.28148,218.5353473
17720,6.247228611,39.28337167,212.7209647
17721,6.24754,39.28524,202.4751093
17722,6.247787778,39.28672667,192.9449503
17723,6.248035556,39.28821333,198.2197805
17724,6.248282222,39.28969333,199.8635244
17725,6.248526389,39.29115833,199.7565264
17726,6.248839722,39.29303833,202.3335732
17727,6.249153056,39.29491833,208.2716369
17728,6.249399722,39.29639833,215.2643596
17729,6.2496475,39.297885,230.683913
17730,6.249897778,39.29938667,237.5475149
17731,6.250147222,39.30088333,246.0700575
17732,6.250462222,39.30277333,249.4818613
17733,6.250773056,39.30463833,253.3214033
17734,6.251018611,39.30611167,256.792814
17735,6.251268333,39.30761,263.8976735
17736,6.251521111,39.30912667,263.8544663
17737,6.251773333,39.31064,272.0242961
17738,6.252086944,39.31252167,271.2005142
17739,6.252396667,39.31438,280.9203763
17740,6.252643611,39.31586167,288.4979094
17741,6.252891944,39.31735167,296.2000746
17742,6.253140833,39.318845,297.9903704
17743,6.253389722,39.32033833,296.7027562
17744,6.253703333,39.32222,297.4789733
17745,6.254010556,39.32406333,296.8372771
17746,6.254257222,39.32554333,296.2167638
17747,6.2545075,39.327045,296.9492335
17748,6.254756667,39.32854,293.6778923
17749,6.255006389,39.33003833,289.2601859
17750,6.255314444,39.33188667,287.8660187
17751,6.255618611,39.33371167,288.0279796
17752,6.255863333,39.33518,287.4469804
17753,6.256111111,39.33666667,284.103989
17754,6.256355833,39.338135,271.3644081
17755,6.256605278,39.33963167,267.3064493
17756,6.256917222,39.34150333,262.6252098
17757,6.257226944,39.34336167,259.4419418
17758,6.257475278,39.34485167,256.3801203
17759,6.257725833,39.346355,259.4207525
17760,6.257978056,39.34786833,264.7967278
17761,6.258228056,39.34936833,264.368439
17762,6.258538333,39.35123,266.1633901
17763,6.258846111,39.35307667,270.3955158
17764,6.259095556,39.35457333,275.3497713
17765,6.259346111,39.35607667,274.4061164
17766,6.259596944,39.35758167,275.0877835
17767,6.259844444,39.35906667,270.4463524
17768,6.260153611,39.36092167,269.2798203
17769,6.260463333,39.36278,268.2068767
17770,6.260713889,39.36428333,266.3630473
17771,6.260967778,39.36580667,272.4823423
17772,6.261223611,39.36734167,274.1244793
17773,6.261471389,39.36882833,285.6735502
17774,6.2617875,39.370725,293.3431107
17775,6.262096389,39.37257833,302.8797092
17776,6.262341944,39.37405167,310.5016003
17777,6.262589722,39.37553833,320.6030414
17778,6.262841667,39.37705,322.0045821
17779,6.263089167,39.378535,319.6862795
17780,6.263401111,39.38040667,320.6969892
17781,6.263713333,39.38228,322.7318581
17782,6.263963056,39.38377833,325.5735615
17783,6.264210556,39.38526333,325.0099099
17784,6.264460278,39.38676167,328.4219735
17785,6.264708611,39.38825167,327.1897288
17786,6.265030278,39.39018167,325.8000476
17787,6.265343611,39.39206167,325.138909
17788,6.265593333,39.39356,323.6931317
17789,6.265844444,39.39506667,321.8418557
17790,6.266090833,39.396545,316.9263844
17791,6.266335278,39.39801167,313.8208535
17792,6.266645,39.39987,303.3423082
17793,6.266951944,39.40171167,296.7649585
17794,6.267198333,39.40319,290.4897146
17795,6.267453333,39.40472,286.4906517
17796,6.267705,39.40623,288.4256266
17797,6.267954167,39.407725,288.9153964
17798,6.2682675,39.409605,290.0443104
17799,6.268577222,39.41146333,286.8499982
17800,6.268824167,39.412945,283.5093005
17801,6.269071667,39.41443,278.8249886
17802,6.269319444,39.41591667,276.294112
17803,6.269570556,39.41742333,273.7446129
17804,6.269887778,39.41932667,272.8754615
17805,6.270202222,39.42121333,264.773297
17806,6.270449722,39.42269833,255.684969
17807,6.270700833,39.424205,251.6275779
17808,6.270949722,39.42569833,251.5429394
17809,6.271198056,39.42718833,250.313193
17810,6.271511389,39.42906833,250.5431666
17811,6.271823056,39.43093833,246.9641918
17812,6.272071389,39.43242833,243.1530861
17813,6.272318889,39.43391333,242.80135
17814,6.272568611,39.43541167,239.684616
17815,6.272817222,39.43690333,243.722217
17816,6.273131389,39.43878833,243.4469555
17817,6.273444167,39.440665,242.5351762
17818,6.273694167,39.442165,242.2043774
17819,6.273945556,39.44367333,242.8536471
17820,6.274194167,39.445165,242.6639037
17821,6.274444722,39.44666833,243.3433795
17822,6.274756944,39.44854167,248.7800748
17823,6.2750675,39.450405,246.2778218
17824,6.275321944,39.45193167,242.3400585
17825,6.275575,39.45345,252.0069387
17826,6.275827778,39.45496667,251.7767948
17827,6.2760775,39.456465,248.3590025
17828,6.276389722,39.45833833,245.9061574
17829,6.276700556,39.46020333,236.1033076
17830,6.276946389,39.46167833,226.930518
17831,6.277193056,39.46315833,218.1050537
17832,6.277442222,39.46465333,216.553385
17833,6.277693056,39.46615833,218.1197545
17834,6.278007222,39.46804333,213.8084644
17835,6.278316667,39.4699,206.1625588
17836,6.278565556,39.47139333,197.495081
17837,6.278814167,39.472885,197.6609546
17838,6.279061667,39.47437,188.3101496
17839,6.279313889,39.47588333,187.5533357
17840,6.279625556,39.47775333,181.208393
17841,6.279935278,39.47961167,171.3763117
17842,6.280183611,39.48110167,162.8697876
17843,6.280430278,39.48258167,170.9602872
17844,6.280679722,39.48407833,169.5908198
17845,6.280929444,39.48557667,172.2927664
17846,6.281245556,39.48747333,177.4263424
17847,6.281559722,39.48935833,181.2241038
17848,6.281807222,39.49084333,184.4446714
17849,6.282055278,39.49233167,200.4585394
17850,6.282302778,39.49381667,204.6791001
17851,6.282551944,39.49531167,207.9595455
17852,6.282866389,39.49719833,204.7230578
17853,6.283176111,39.49905667,203.3811041
17854,6.283428333,39.50057,201.9010811
17855,6.283676111,39.50205667,210.9051714
17856,6.283923333,39.50354,206.7716732
17857,6.284175556,39.50505333,209.9093765
17858,6.284491389,39.50694833,209.7122047
17859,6.284800833,39.508805,215.7028232
17860,6.285046944,39.51028167,220.4141407
17861,6.285296389,39.51177833,219.1342401
17862,6.285543611,39.51326167,217.4577247
17863,6.285791944,39.51475167,217.6115707
17864,6.286105556,39.51663333,215.0204434
17865,6.286414722,39.51848833,215.7864385
17866,6.286665833,39.519995,217.2580037
17867,6.286913611,39.52148167,223.4718812
17868,6.287162778,39.52297667,223.0406341
17869,6.2874125,39.524475,219.7684907
17870,6.287724722,39.52634833,222.0702778
17871,6.288036667,39.52822,221.3976672
17872,6.288287778,39.52972667,219.6296145
17873,6.288539167,39.531235,225.1547999
17874,6.28879,39.53274,211.0443542
17875,6.289038056,39.53422833,206.5824598
17876,6.289355,39.53613,208.3701984
17877,6.289665556,39.53799333,207.8913595
17878,6.289914444,39.53948667,207.830672
17879,6.290161944,39.54097167,210.6263986
17880,6.290409444,39.54245667,214.4278084
17881,6.290658056,39.54394833,211.7574083
17882,6.290970556,39.54582333,214.4419527
17883,6.2912775,39.547665,214.9773745
17884,6.291523889,39.54914333,215.7878559
17885,6.2917675,39.550605,222.6886053
17886,6.292015833,39.552095,229.2422515
17887,6.292267222,39.55360333,230.5211614
17888,6.292583056,39.55549833,230.0098019
17889,6.292894722,39.55736833,230.2628423
17890,6.293143056,39.55885833,229.7199795
17891,6.293391111,39.56034667,233.7842573
17892,6.293639444,39.56183667,235.4018555
17893,6.293888056,39.56332833,241.7906627
17894,6.294198889,39.56519333,243.4857455
17895,6.294507778,39.56704667,244.5913464
17896,6.294758056,39.56854833,244.7348996
17897,6.295009167,39.570055,253.5320505
17898,6.295256944,39.57154167,246.6271874
17899,6.295504722,39.57302833,248.7670295
17900,6.295813889,39.57488333,249.6258171
17901,6.296120278,39.57672167,253.8025043
17902,6.296368889,39.57821333,258.2555875
17903,6.2966175,39.579705,258.1790661
17904,6.296866111,39.58119667,265.0580722
17905,6.297114444,39.58268667,269.2033748
17906,6.297423056,39.58453833,267.9681271
17907,6.297727778,39.58636667,268.8193065
17908,6.297973333,39.58784,270.0233101
17909,6.298222778,39.58933667,267.2179453
17910,6.298470278,39.59082167,263.0996204
17911,6.298718056,39.59230833,265.5148491
17912,6.299031389,39.59418833,259.0411665
17913,6.299342222,39.59605333,258.8708072
17914,6.299589722,39.59753833,258.200061
17915,6.299838056,39.59902833,257.5677891
17916,6.3000875,39.6,260.6062779
17917,6.300336389,39.6,258.5407405
17918,6.300646667,39.6,258.3427566
17919,6.300959444,39.6,250.2693019
17920,6.301208611,39.6,242.1878743
17921,6.3014575,39.6,244.0592309
17922,6.301706111,39.6,246.4277225
17923,6.301951667,39.6,247.1449118
17924,6.3022625,39.6,249.7592338
17925,6.302571389,39.6,250.5026747
17926,6.302817222,39.6,249.9766895
17927,6.303066667,39.6,249.4634286
17928,6.303316111,39.6,248.4432102
17929,6.303565556,39.6,245.5457515
17930,6.303875278,39.6,241.5364394
17931,6.304182222,39.6,234.9422957
17932,6.304428333,39.6,228.7497225
17933,6.3046775,39.6,225.2668077
17934,6.304928889,39.6,224.1306051
17935,6.30518,39.6,226.7159541
17936,6.305495278,39.6,220.449515
17937,6.305803056,39.6,224.4710528
17938,6.30605,39.6,228.8786278
17939,6.306299444,39.6,237.2583645
17940,6.306547222,39.6,239.722435
17941,6.306795833,39.6,237.8026292
17942,6.307114444,39.6,239.5582619
17943,6.307423889,39.6,238.4502382
17944,6.307670833,39.6,235.9812124
17945,6.307917778,39.6,244.6598357
17946,6.308165278,39.6,248.5628201
17947,6.308416667,39.6,245.7586188
17948,6.308730833,39.6,243.0493771
17949,6.309042222,39.6,234.0334842
17950,6.309288333,39.6,226.28508
17951,6.309538333,39.6,227.2087007
17952,6.309786111,39.6,227.6355284
17953,6.310038333,39.6,230.1462958
17954,6.310354444,39.6,229.4975169
17955,6.310662778,39.6,232.8430059
17956,6.310911944,39.6,234.3368565
17957,6.311162222,39.6,242.2466907
17958,6.3114125,39.6,241.0263403
17959,6.311663056,39.6,242.7827561
17960,6.311974722,39.6,243.9775887
17961,6.312284444,39.6,245.047958
17962,6.312531944,39.6,246.5865163
17963,6.312781389,39.6,252.23119
17964,6.313028889,39.6,248.2055194
17965,6.3132775,39.6,245.9461128
17966,6.313585833,39.6,246.5953111
17967,6.313896111,39.6,244.5351873
17968,6.314143056,39.6,242.7193411
17969,6.314387222,39.6,253.631149
17970,6.314631944,39.6,257.7822774
17971,6.314877778,39.6,258.8048475
17972,6.31519,39.6,261.1137977
17973,6.315499167,39.6,264.2929324
17974,6.315748333,39.6,266.1509687
17975,6.315996111,39.6,272.8497809
17976,6.316246111,39.6,270.8569663
17977,6.316495,39.6,271.9107931
17978,6.316805556,39.60083333,272.0769566
17979,6.317113611,39.60268167,275.9363587
17980,6.317361111,39.60416667,280.1790594
17981,6.317607778,39.60564667,279.4706115
17982,6.3178575,39.607145,281.0849809
17983,6.318106667,39.60864,281.2031718
17984,6.318421111,39.61052667,280.1494998
17985,6.318730833,39.612385,279.698708
17986,6.318982778,39.61389667,279.07182
17987,6.319229722,39.61537833,289.4116667
17988,6.319481111,39.61688667,284.1712037
17989,6.319727778,39.61836667,279.4813864
17990,6.320035556,39.62021333,278.5921767
17991,6.320346389,39.62207833,276.1397232
17992,6.320599444,39.62359667,272.2946128
17993,6.320849167,39.625095,284.3040364
17994,6.321099444,39.62659667,283.0902959
17995,6.321345833,39.628075,282.2452876
17996,6.321659444,39.62995667,281.5922653
17997,6.321968333,39.63181,280.8304379
17998,6.322214722,39.63328833,280.6965463
17999,6.322460833,39.634765,283.5045922
18000,6.322713056,39.63627833,280.8799605
18001,6.322960556,39.63776333,279.7909456
18002,6.323276667,39.63966,275.4972511
18003,6.323592778,39.64155667,267.9196542
18004,6.323845278,39.64307167,259.9462373
18005,6.324096389,39.64457833,268.1124113
18006,6.324343889,39.64606333,267.1421716
18007,6.324595556,39.64757333,266.5886174
18008,6.324909722,39.64945833,259.1310143
18009,6.32522,39.65132,256.1067209
18010,6.325465,39.65279,252.3891745
18011,6.325711944,39.65427167,247.3044757
18012,6.325961111,39.65576667,248.0888635
18013,6.326208056,39.65724833,246.322463
18014,6.326522222,39.65913333,240.6518847
18015,6.326835556,39.66101333,238.5568972
18016,6.327086389,39.66251833,236.5970168
18017,6.327335556,39.66401333,238.11115
18018,6.327584167,39.665505,232.9371496
18019,6.3278375,39.667025,238.9332704
18020,6.328149722,39.66889833,239.4305299
18021,6.3284575,39.670745,237.6894005
18022,6.328704167,39.672225,235.5239574
18023,6.328952222,39.67371333,229.7410224
18024,6.329202222,39.67521333,233.5521731
18025,6.329450833,39.676705,234.7259683
18026,6.32976,39.67856,233.8941756
18027,6.3300675,39.680405,232.4474746
18028,6.330314444,39.68188667,231.7299384
18029,6.330560278,39.68336167,232.0463276
18030,6.330805833,39.684835,227.1232066
18031,6.331055278,39.68633167,225.7223634
18032,6.331368611,39.68821167,220.638302
18033,6.331674167,39.690045,221.7081728
18034,6.331921667,39.69153,220.9493307
18035,6.332172222,39.69303333,221.2609207
18036,6.3324225,39.694535,222.2523088
18037,6.332669167,39.696015,219.1950382
18038,6.332978056,39.69786833,215.6207439
18039,6.333284167,39.699705,213.9714204
18040,6.333531944,39.70119167,213.7594279
18041,6.333784444,39.70270667,215.9835895
18042,6.334031667,39.70419,215.8497628
18043,6.3342775,39.705665,218.798643
18044,6.334589167,39.707535,219.1437394
18045,6.334895833,39.709375,219.8488996
18046,6.3351425,39.710855,220.4583312
18047,6.335392778,39.71235667,224.2364334
18048,6.335639722,39.71383833,221.4911455
18049,6.335887222,39.71532333,220.286593
18050,6.336196944,39.71718167,219.0987776
18051,6.336507778,39.71904667,215.7890795
18052,6.336757222,39.72054333,211.7660986
18053,6.337005833,39.722035,213.3430322
18054,6.337253333,39.72352,219.3580909
18055,6.337506389,39.72503833,225.8901155
18056,6.337820833,39.726925,219.5455495
18057,6.338133056,39.72879833,223.762735
18058,6.338379167,39.730275,228.4363049
18059,6.338626389,39.73175833,244.9007975
18060,6.338875833,39.733255,243.4739718
18061,6.339124722,39.73474833,237.5525276
18062,6.339444167,39.736665,234.9764203
18063,6.339756944,39.73854167,229.761232
18064,6.340005278,39.74003167,222.5804612
18065,6.340253056,39.74151833,224.8919922
18066,6.340504444,39.74302667,222.5272577
18067,6.340752222,39.74451333,216.5864229
18068,6.341071944,39.74643167,208.1546694
18069,6.341384444,39.74830667,203.2582216
18070,6.341632778,39.74979667,199.7959367
18071,6.341882222,39.75129333,211.9263583
18072,6.342132778,39.75279667,213.2387006
18073,6.342382778,39.75429667,210.7367998
18074,6.342696667,39.75618,211.5776875
18075,6.343008056,39.75804833,213.454168
18076,6.343254167,39.759525,215.0252258
18077,6.343503611,39.76102167,222.6034534
18078,6.343752778,39.76251667,225.1176794
18079,6.344001389,39.76400833,230.4019736
18080,6.344311944,39.76587167,229.2364796
18081,6.34462,39.76772,227.2422741
18082,6.344869167,39.769215,224.4279367
18083,6.345116944,39.77070167,230.3445514
18084,6.345363611,39.77218167,226.5051721
18085,6.345610556,39.77366333,223.4565012
18086,6.345922222,39.77553333,221.9468203
18087,6.346229722,39.77737833,213.4468882
18088,6.346476389,39.77885833,205.0593593
18089,6.346723611,39.78034167,210.4764065
18090,6.346973056,39.78183833,214.3404232
18091,6.347224167,39.783345,214.9865541
18092,6.347534722,39.78520833,213.7212174
18093,6.347841944,39.78705167,218.2328603
18094,6.348091944,39.78855167,221.7611699
18095,6.348343333,39.79006,226.5212067
18096,6.348591944,39.79155167,227.8288841
18097,6.348842222,39.79305333,223.5792261
18098,6.349151389,39.79490833,224.7887486
18099,6.349456389,39.79673833,222.2411478
18100,6.349701389,39.79820833,220.0159221
18101,6.3499525,39.799715,227.065174
18102,6.350200278,39.80120167,231.4923035
18103,6.350448611,39.80269167,234.2162228
18104,6.350758333,39.80455,236.1238264
18105,6.351067222,39.80640333,235.8207986
18106,6.351318611,39.80791167,235.6827403
18107,6.351567778,39.80940667,246.1648049
18108,6.351812778,39.81087667,244.302595
18109,6.352060833,39.812365,245.6711027
18110,6.352375833,39.814255,247.6607288
18111,6.352685278,39.81611167,248.6837159
18112,6.352936667,39.81762,248.9884067
18113,6.353185278,39.81911167,258.3454402
18114,6.353437222,39.82062333,259.5942617
18115,6.353688889,39.82213333,261.1154401
18116,6.354006667,39.82404,262.9730972
18117,6.354319167,39.825915,257.6467925
18118,6.354567778,39.82740667,252.0713287
18119,6.354818333,39.82891,258.8759196
18120,6.355066667,39.8304,262.1050792
18121,6.355316111,39.83189667,260.5749118
18122,6.355631667,39.83379,259.0751052
18123,6.355945556,39.83567333,249.9234982
18124,6.356194167,39.837165,241.2067194
18125,6.356442778,39.83865667,241.884672
18126,6.356691111,39.84014667,234.0266159
18127,6.356936944,39.84162167,227.8943782
18128,6.357250278,39.84350167,217.7081443
18129,6.357560278,39.84536167,209.9022253
18130,6.357806944,39.84684167,201.074858
18131,6.358052778,39.84831667,200.8580754
18132,6.358301667,39.84981,200.3276795
18133,6.358550556,39.85130333,201.731191
18134,6.358860556,39.85316333,201.8158099
18135,6.359169444,39.85501667,202.8097418
18136,6.359418889,39.85651333,204.2426201
18137,6.359667222,39.85800333,204.5506846
18138,6.359911389,39.85946833,211.0087568
18139,6.360158056,39.86094833,213.2165835
18140,6.360478056,39.86286833,215.9918641
18141,6.360789722,39.86473833,215.1964911
18142,6.361037222,39.86622333,213.7241926
18143,6.361285556,39.86771333,216.2453791
18144,6.361533333,39.8692,213.9646187
18145,6.361781667,39.87069,213.1023539
18146,6.362093333,39.87256,215.2269305
18147,6.362405833,39.874435,210.7355732
18148,6.362655556,39.87593333,206.3702755
18149,6.362902222,39.87741333,203.2224024
18150,6.363151667,39.87891,197.7491799
18151,6.363397222,39.88038333,195.5170413
18152,6.363707222,39.88224333,190.0668921
18153,6.364017778,39.88410667,187.5633603
18154,6.364266111,39.88559667,184.0975108
18155,6.364515833,39.887095,181.628151
18156,6.364765,39.88859,183.6007463
18157,6.365015556,39.89009333,184.2620704
18158,6.365327778,39.89196667,180.6371102
18159,6.365640278,39.89384167,184.9915143
18160,6.365892778,39.89535667,190.4635836
18161,6.366141389,39.89684833,190.4858906
18162,6.366388889,39.89833333,186.6737911
18163,6.3666375,39.899825,189.3072006
18164,6.366950833,39.9,188.8156911
18165,6.367261389,39.9,190.7544765
18166,6.367508889,39.9,192.2588159
18167,6.367755833,39.9,205.7245167
18168,6.3680025,39.9,210.7493189
18169,6.368249444,39.9,216.1059338
18170,6.368563611,39.9,218.0459024
18171,6.368874444,39.9,217.6019571
18172,6.3691275,39.9,217.3634967
18173,6.369376111,39.9,225.9727943
18174,6.36962,39.9,235.8699883
18175,6.3698675,39.9,239.2618304
18176,6.370183889,39.9,239.790367
18177,6.370495,39.9,236.1733728
18178,6.37074,39.9,232.4350555
18179,6.370985833,39.9,241.0421441
18180,6.371231667,39.9,239.5024129
18181,6.371478611,39.9,239.0298361
18182,6.371791944,39.9,236.3067215
18183,6.3721025,39.9,230.1531972
18184,6.37235,39.9,223.0822426
18185,6.372598889,39.9,221.4537749
18186,6.372847222,39.9,221.7657399
18187,6.3730975,39.9,214.5688205
18188,6.373416667,39.9,212.4836492
18189,6.373730556,39.9,209.2176763
18190,6.373976667,39.9,205.5966363
18191,6.374223056,39.9,213.9624782
18192,6.374473056,39.9,214.7812308
18193,6.374721389,39.9,213.6427134
18194,6.375031944,39.9,211.5852612
18195,6.375339167,39.9,209.1346034
18196,6.375589167,39.9,207.7773749
18197,6.375839722,39.9,216.1641262
18198,6.376091944,39.9,224.8459069
18199,6.376343333,39.9,231.8548323
18200,6.376654722,39.9,231.7237785
18201,6.376961111,39.9,233.3096982
18202,6.377207778,39.9,233.1576991
18203,6.377458889,39.9,243.4522474
18204,6.377704722,39.9,243.5992474
18205,6.377952222,39.9,246.2297637
18206,6.378259444,39.9,242.8619019
18207,6.378562778,39.9,238.4622986
18208,6.378808611,39.9,233.428295
18209,6.379055833,39.9,235.6961904
18210,6.379304722,39.9,231.0203407
18211,6.379552222,39.9,224.3597676
18212,6.379863889,39.9,216.1945097
18213,6.380173889,39.9,214.491157
18214,6.380425833,39.9,212.9104956
18215,6.380677222,39.9,222.4507211
18216,6.380928333,39.9,226.8151435
18217,6.381176944,39.9,224.3579431
18218,6.381488611,39.9,228.5908989
18219,6.381800833,39.9,226.4946748
18220,6.382049722,39.9,223.8094631
18221,6.382297222,39.9,232.8748579
18222,6.382544167,39.9,235.8059139
18223,6.3827925,39.9,235.8110424
18224,6.383106667,39.9,231.0099516
18225,6.383415,39.90049,232.6201738
18226,6.3836625,39.901975,235.26319
18227,6.383911944,39.90347167,245.1363993
18228,6.384161944,39.90497167,249.2511227
18229,6.384408889,39.90645333,247.0069273
18230,6.384721389,39.90832833,252.4921897
18231,6.3850275,39.910165,254.2643071
18232,6.385276667,39.91166,255.1916414
18233,6.385526111,39.91315667,263.0275098
18234,6.385780278,39.91468167,263.8155035
18235,6.38603,39.91618,265.7068503
18236,6.386343333,39.91806,270.1800188
18237,6.386653056,39.91991833,268.4914636
18238,6.3869025,39.921415,266.0513012
18239,6.387150833,39.922905,280.6702131
18240,6.387400278,39.92440167,288.9261319
18241,6.3876525,39.925915,294.5458942
18242,6.38797,39.92782,292.4931851
18243,6.388280278,39.92968167,285.2220693
18244,6.388525,39.93115,278.8192
18245,6.388773889,39.93264333,279.5741746
18246,6.389023889,39.93414333,273.8828646
18247,6.389271667,39.93563,263.821316
18248,6.389584444,39.93750667,255.5978896
18249,6.389895,39.93937,246.8604864
18250,6.390141944,39.94085167,237.6509247
18251,6.39039,39.94234,241.5329088
18252,6.390639722,39.94383833,239.8927904
18253,6.390888056,39.94532833,244.6657064
18254,6.391198889,39.94719333,246.2857247
18255,6.391505833,39.949035,251.7947898
18256,6.391752778,39.95051667,257.0423934
18257,6.392002778,39.95201667,259.043875
18258,6.392251389,39.95350833,259.8013467
18259,6.392498056,39.95498833,256.194958
18260,6.392807222,39.95684333,253.2549871
18261,6.393115833,39.958695,250.0157148
18262,6.393362778,39.96017667,245.7894907
18263,6.393610833,39.961665,246.4806146
18264,6.393857222,39.96314333,241.7756976
18265,6.394103611,39.96462167,238.5990527
18266,6.394416944,39.96650167,236.2266464
18267,6.394730556,39.96838333,232.1102894
18268,6.394975556,39.96985333,228.135415
18269,6.395220278,39.97132167,224.017242
18270,6.395467222,39.97280333,218.4704085
18271,6.395717222,39.97430333,218.1766961
18272,6.396028056,39.97616833,213.9058316
18273,6.396334722,39.97800833,212.4648694
18274,6.396581667,39.97949,210.8883821
18275,6.396834722,39.98100833,210.7279735
18276,6.397084444,39.98250667,214.7943912
18277,6.397334722,39.98400833,219.3023538
18278,6.397641667,39.98585,216.5441028
18279,6.397948056,39.98768833,214.7376802
18280,6.398195556,39.98917333,212.353453
18281,6.398441389,39.99064833,208.8006824
18282,6.398688889,39.99213333,206.4222124
18283,6.398936389,39.99361833,201.1446139
18284,6.399248333,39.99549,201.9614661
18285,6.399560556,39.99736333,200.2952894
18286,6.399813611,39.99888167,198.52176
18287,6.400064722,40,213.4726906
18288,6.400314167,40,221.6332125
18289,6.400564722,40,227.5609299
18290,6.400875556,40,227.6305931
18291,6.401184167,40,219.7350019
18292,6.401430833,40,211.7018242
18293,6.401678611,40,219.3453055
18294,6.401927778,40,224.4896941
18295,6.402175556,40,224.3129774
18296,6.402486111,40,225.9912237
18297,6.402794167,40,219.4256658
18298,6.403041111,40,212.8602566
18299,6.403289444,40,218.4047994
18300,6.403534444,40,222.4336123
18301,6.403787778,40,224.1448441
18302,6.404100833,40,226.5372225
18303,6.404407222,40,225.1115818
18304,6.404655556,40,223.4513537
18305,6.404904167,40,224.5769854
18306,6.405148889,40,228.1887464
18307,6.405395556,40,215.9262337
18308,6.405709167,40,216.5958735
18309,6.406020833,40,209.1633495
18310,6.406268333,40,201.0222582
18311,6.406516944,40,198.5169944
18312,6.406767222,40,195.000655
18313,6.407015833,40,190.699353
18314,6.40733,40,186.4237815
18315,6.407641389,40,181.8860913
18316,6.407891944,40,177.474173
18317,6.408143333,40,178.7778674
18318,6.408393889,40,185.4452768
18319,6.408643889,40,187.5501991
18320,6.4089575,40,187.8098737
18321,6.409268056,40,192.8472273
18322,6.409516667,40,196.7582054
18323,6.409770556,40,206.1029618
18324,6.410019444,40,207.808753
18325,6.410269722,40,210.286299
18326,6.410581389,40,204.1443251
18327,6.41089,40,197.2679874
18328,6.411136667,40,190.5134132
18329,6.411386389,40,192.808438
18330,6.411635,40,187.9711464
18331,6.411883333,40,179.6168613
18332,6.4121975,40,174.9905679
18333,6.412503611,40,170.4421007
18334,6.412752222,40,166.4582435
18335,6.413006389,40,176.0564526
18336,6.4132575,40,182.0629363
18337,6.413505,40,181.6738609
18338,6.413815556,40,184.0979824
18339,6.414121111,40,182.476502
18340,6.4143675,40,180.9690827
18341,6.414614444,40,189.0138417
18342,6.414862222,40,191.8009731
18343,6.415109722,40,191.8087574
18344,6.415422222,40,189.6740447
18345,6.415732222,40,195.9886069
18346,6.415981667,40,201.3672849
18347,6.416229167,40,208.7742325
18348,6.416476667,40,211.273897
18349,6.416728611,40.00074333,201.0942182
18350,6.417041389,40.00449667,203.2067973
18351,6.417350278,40.00820333,201.9212337
18352,6.417601667,40.01122,200.6809287
18353,6.417849722,40.01419667,204.3001853
18354,6.418099444,40.01719333,209.897727
18355,6.418350833,40.02021,211.2608932
18356,6.418663889,40.02396667,212.7430766
18357,6.418974167,40.02769,214.6334611
18358,6.419220556,40.03064667,216.9937867
18359,6.419467222,40.03360667,230.0437622
18360,6.419716111,40.03659333,233.3799479
18361,6.419965278,40.03958333,244.2741094
18362,6.420278056,40.04333667,241.1369713
18363,6.420588333,40.04706,239.6656886
18364,6.420834167,40.05001,238.0295513
18365,6.421082778,40.05299333,247.9023487
18366,6.421330556,40.05596667,246.4910812
18367,6.421577222,40.05892667,243.6017064
18368,6.421891389,40.06269667,237.5249741
18369,6.422202222,40.06642667,232.4307023
18370,6.422450556,40.06940667,227.9141384
18371,6.422701111,40.07241333,233.0575913
18372,6.422947778,40.07537333,232.0033076
18373,6.423194444,40.07833333,236.6436905
18374,6.423507778,40.08209333,241.3801082
18375,6.423816667,40.0858,245.4628288
18376,6.424063333,40.08876,248.8821964
18377,6.424311944,40.09174333,250.9498248
18378,6.424560556,40.09472667,254.1817208
18379,6.424810833,40.09773,257.209068
18380,6.425123611,40.10148333,252.2015149
18381,6.425435,40.10522,252.3317753
18382,6.4256825,40.10819,250.8241025
18383,6.425930278,40.11116333,249.7352855
18384,6.426177778,40.11413333,249.0366205
18385,6.426426389,40.11711667,246.9019161
18386,6.426745278,40.12094333,243.4967733
18387,6.427057778,40.12469333,237.3542413
18388,6.427305278,40.12766333,231.973532
18389,6.427555556,40.13066667,228.8991447
18390,6.427805278,40.13366333,226.0776646
18391,6.428053056,40.13663667,226.0728063
18392,6.4283625,40.14035,224.4453429
18393,6.428674444,40.14409333,225.0295948
18394,6.428923611,40.14708333,225.4371804
18395,6.429173889,40.15008667,228.1701692
18396,6.429421944,40.15306333,236.5036665
18397,6.429673056,40.15607667,238.2844211
18398,6.429984444,40.15981333,235.9362203
18399,6.430293056,40.16351667,230.2355468
18400,6.4305375,40.16645,223.3674719
18401,6.430786667,40.16944,222.2550079
18402,6.431040833,40.17249,220.4523317
18403,6.431294722,40.17553667,217.430363
18404,6.43161,40.17932,220.0210927
18405,6.43192,40.18304,216.0336644
18406,6.432170833,40.18605,213.4050718
18407,6.432419722,40.18903667,220.8157504
18408,6.432673611,40.19208333,227.3914536
18409,6.432922222,40.19506667,228.4373178
18410,6.433237222,40.19884667,230.4458645
18411,6.433548333,40.2,229.5289189
18412,6.433796944,40.2,227.2607448
18413,6.434045,40.2,238.4653948
18414,6.434293056,40.2,245.6318308
18415,6.434540556,40.2,246.8679282
18416,6.434855556,40.2,246.4926131
18417,6.435168889,40.2,238.5892788
18418,6.435418333,40.2,230.9346777
18419,6.435665278,40.2,234.5800857
18420,6.435915,40.2,238.0392482
18421,6.436162222,40.2,233.7155869
18422,6.436473889,40.2,232.9043578
18423,6.43678,40.2,228.3513519
18424,6.437025,40.2,222.7827991
18425,6.437272222,40.2,229.3063406
18426,6.437519167,40.2,224.0526231
18427,6.4377625,40.2,213.0088852
18428,6.4380775,40.2,213.1258815
18429,6.438395278,40.2,207.4689412
18430,6.438647778,40.2,202.5552017
18431,6.438897778,40.2,202.1287564
18432,6.439149444,40.2,201.0364344
18433,6.439401667,40.2,200.8602707
18434,6.439718611,40.2,204.7741645
18435,6.440032222,40.2,208.4682831
18436,6.440281389,40.2,211.8484742
18437,6.440531667,40.2,212.5191567
18438,6.440781389,40.2,216.9625139
18439,6.441029722,40.2,219.5738121
18440,6.441338611,40.2,222.3645651
18441,6.441650556,40.2,226.0163458
18442,6.441900556,40.2,228.4498238
18443,6.442147222,40.2,237.5976671
18444,6.442395833,40.2,237.0653487
18445,6.442648333,40.2,238.467494
18446,6.442958611,40.2,235.2363333
18447,6.443268611,40.2,224.3755913
18448,6.443517778,40.2,213.4390164
18449,6.443764722,40.2,218.5360309
18450,6.444013056,40.2,222.8619627
18451,6.444260556,40.2,218.9217154
18452,6.444575833,40.2,216.7303551
18453,6.4448875,40.2,216.2443111
18454,6.445135278,40.2,215.2943041
18455,6.445383889,40.2,225.8626041
18456,6.445633889,40.2,230.2411998
18457,6.445884444,40.2,231.9473828
18458,6.446198889,40.2,231.778087
18459,6.446512222,40.2,225.6880364
18460,6.446761667,40.2,221.372191
18461,6.447008611,40.2,227.1224514
18462,6.447258889,40.2,230.9495998
18463,6.447512222,40.2,227.9179629
18464,6.447824722,40.2,229.5789332
18465,6.448134167,40.2,232.0675681
18466,6.448380833,40.2,232.3565561
18467,6.4486275,40.2,234.5174596
18468,6.448878889,40.2,236.0540208
18469,6.449132222,40.2,232.0938292
18470,6.449449167,40.2,229.3750558
18471,6.44976,40.2,226.3761775
18472,6.450008889,40.20005333,223.8099116
18473,6.450258333,40.20155,222.1494321
18474,6.450506944,40.20304167,226.4568307
18475,6.450755833,40.204535,226.8708042
18476,6.451068333,40.20641,228.6465756
18477,6.451380833,40.208285,216.9444111
18478,6.45163,40.20978,205.4751514
18479,6.451879444,40.21127667,218.8924307
18480,6.452129167,40.212775,217.8927688
18481,6.452373056,40.21423833,201.5792294
18482,6.452690278,40.21614167,210.7120736
18483,6.453004722,40.21802833,216.7454192
18484,6.453251944,40.21951167,221.7359225
18485,6.453499722,40.22099833,228.6613441
18486,6.453755278,40.22253167,229.3733074
18487,6.454008611,40.22405167,227.3118699
18488,6.454323056,40.22593833,218.905933
18489,6.45463,40.22778,211.2152818
18490,6.454875833,40.229255,203.9233764
18491,6.455123333,40.23074,209.5719459
18492,6.455371944,40.23223167,211.0311192
18493,6.455619444,40.23371667,211.1033434
18494,6.455931111,40.23558667,215.2093403
18495,6.456239722,40.23743833,211.4526558
18496,6.4564875,40.238925,206.9794143
18497,6.456733611,40.24040167,214.8766633
18498,6.456979167,40.241875,219.5600694
18499,6.457228889,40.24337333,220.1910931
18500,6.457538333,40.24523,217.8883688
18501,6.457849722,40.24709833,222.9994971
18502,6.458101389,40.24860833,227.3081007
18503,6.458348889,40.25009333,231.534811
18504,6.458601944,40.25161167,230.3990385
18505,6.458853056,40.25311833,233.7875747
18506,6.459165556,40.25499333,235.6562418
18507,6.459472778,40.25683667,233.2822946
18508,6.459720556,40.25832333,231.8845244
18509,6.459967778,40.25980667,227.4234094
18510,6.460217222,40.26130333,222.2875725
18511,6.460464167,40.262785,222.7669058
18512,6.460775833,40.264655,222.1247972
18513,6.461084444,40.26650667,216.3650658
18514,6.461333056,40.26799833,210.80027
18515,6.461580556,40.26948333,212.3671914
18516,6.461829444,40.27097667,211.277772
18517,6.46208,40.27248,205.4764761
18518,6.462393056,40.27435833,203.7313485
18519,6.462708056,40.27624833,206.1092649
18520,6.462957778,40.27774667,207.2938521
18521,6.463211944,40.27927167,204.6351523
18522,6.463468611,40.28081167,192.4978263
18523,6.463718889,40.28231333,198.2073314
18524,6.464027778,40.28416667,201.3507249
18525,6.464336667,40.28602,200.5683689
18526,6.464586944,40.28752167,200.1772899
18527,6.464839444,40.28903667,204.2217686
18528,6.465090556,40.29054333,208.7046255
18529,6.4653375,40.292025,213.5286489
18530,6.465647222,40.29388333,216.0714826
18531,6.465955833,40.295735,215.6403262
18532,6.466206111,40.29723667,215.5577628
18533,6.466455,40.29873,219.8150525
18534,6.466706111,40.30023667,224.0936241
18535,6.466951944,40.30171167,221.1402358
18536,6.467258889,40.30355333,220.9558012
18537,6.467565833,40.305395,219.4245133
18538,6.467814167,40.306885,216.1508231
18539,6.468061944,40.30837167,213.1876649
18540,6.468310556,40.30986333,214.2413972
18541,6.468561944,40.31137167,209.10151
18542,6.468871667,40.31323,202.2946654
18543,6.469180278,40.31508167,196.7403413
18544,6.469426389,40.31655833,191.9899081
18545,6.469675833,40.318055,198.631265
18546,6.469926111,40.31955667,195.7787708
18547,6.470176667,40.32106,195.6463295
18548,6.470485833,40.322915,191.9756895
18549,6.470795833,40.324775,189.7485416
18550,6.471041944,40.32625167,187.1916837
18551,6.471293056,40.32775833,187.4025813
18552,6.471548056,40.32928833,184.4269514
18553,6.471800833,40.330805,179.9064911
18554,6.472115278,40.33269167,181.48085
18555,6.472424444,40.33454667,180.8136941
18556,6.472670833,40.336025,180.7655706
18557,6.472921389,40.33752833,187.394186
18558,6.473169722,40.33901833,189.0434401
18559,6.473418056,40.34050833,186.7057433
18560,6.473731944,40.34239167,187.0395044
18561,6.474041389,40.34424833,187.2114131
18562,6.474287222,40.34572333,186.0217762
18563,6.474534167,40.347205,197.7914312
18564,6.474783611,40.34870167,199.0093751
18565,6.475033889,40.35020333,205.9348979
18566,6.475346389,40.35207833,200.853702
18567,6.475658889,40.35395333,198.6338853
18568,6.475908611,40.35545167,196.7136512
18569,6.476156667,40.35694,197.2190665
18570,6.476407222,40.35844333,203.1114334
18571,6.4766575,40.359945,203.5543161
18572,6.476971944,40.36183167,197.9779162
18573,6.477286389,40.36371833,196.3379639
18574,6.477534722,40.36520833,193.4406068
18575,6.477785833,40.366715,193.8547214
18576,6.478035278,40.36821167,191.7255556
18577,6.478285556,40.36971333,190.6979831
18578,6.478595556,40.37157333,185.5407638
18579,6.478908333,40.37345,180.8998557
18580,6.479162222,40.37497333,178.393469
18581,6.479411667,40.37647,187.9460497
18582,6.47966,40.37796,191.338103
18583,6.479910278,40.37946167,194.0467619
18584,6.480223056,40.38133833,193.8848115
18585,6.480532778,40.38319667,202.0311268
18586,6.480779444,40.38467667,208.1789181
18587,6.481028611,40.38617167,215.571977
18588,6.481276389,40.38765833,224.6093328
18589,6.481523333,40.38914,227.2924723
18590,6.481836944,40.39102167,231.6079549
18591,6.482149167,40.392895,232.1832987
18592,6.482396111,40.39437667,232.3730168
18593,6.4826425,40.395855,241.3886301
18594,6.482890278,40.39734167,248.6426871
18595,6.483141389,40.39884833,251.0948828
18596,6.483459444,40.40075667,250.4456886
18597,6.483769167,40.402615,229.4730631
18598,6.484018056,40.40410833,208.3391102
18599,6.484271667,40.40563,217.2745751
18600,6.484521389,40.40712833,208.204329
18601,6.484766944,40.40860167,188.0401933
18602,6.485081111,40.41048667,194.5843818
18603,6.485393889,40.41236333,193.5721754
18604,6.485639722,40.41383833,191.8015504
18605,6.485888056,40.41532833,191.2665292
18606,6.486135556,40.41681333,186.3137159
18607,6.486386111,40.41831667,182.6177607
18608,6.486695,40.42017,170.46965
18609,6.487000278,40.42200167,159.4306108
18610,6.487246667,40.42348,148.0307339
18611,6.487496667,40.42498,149.2754793
18612,6.487746111,40.42647667,151.4616558
18613,6.487994444,40.42796667,145.8218101
18614,6.488309444,40.42985667,140.8061813
18615,6.4886175,40.431705,139.7452315
18616,6.488863333,40.43318,138.6652241
18617,6.489113056,40.43467833,152.7627697
18618,6.489361111,40.43616667,151.1250424
18619,6.489614444,40.43768667,148.5291843
18620,6.489925833,40.439555,154.629539
18621,6.490234167,40.441405,163.3363401
18622,6.490483333,40.4429,172.2437277
18623,6.490733611,40.44440167,180.5810698
18624,6.490982222,40.44589333,186.4604132
18625,6.491230833,40.447385,197.1627125
18626,6.4915425,40.449255,195.2549249
18627,6.491851111,40.45110667,192.0202538
18628,6.4921,40.4526,188.6527926
18629,6.492348333,40.45409,194.0296119
18630,6.492598889,40.45559333,185.944501
18631,6.492846389,40.45707833,188.1247222
18632,6.493158056,40.45894833,186.5761578
18633,6.4934675,40.460805,180.8345836
18634,6.493717222,40.46230333,175.4906526
18635,6.493966667,40.4638,174.6967713
18636,6.494213333,40.46528,166.9473347
18637,6.494462778,40.46677667,163.4033987
18638,6.494775278,40.46865167,166.6677056
18639,6.495081667,40.47049,170.0632035
18640,6.495326389,40.47195833,172.908582
18641,6.495572778,40.47343667,172.8869749
18642,6.495819722,40.47491833,165.3135341
18643,6.496069722,40.47641833,171.4460302
18644,6.496383333,40.4783,170.0378918
18645,6.496695833,40.480175,171.2818021
18646,6.496946944,40.48168167,171.4405952
18647,6.497196667,40.48318,174.8949769
18648,6.497444444,40.48466667,176.3393006
18649,6.497695278,40.48617167,183.5464813
18650,6.498008889,40.48805333,183.942208
18651,6.498318889,40.48991333,177.0157341
18652,6.498569167,40.491415,171.5724114
18653,6.498818333,40.49291,173.8392988
18654,6.499068333,40.49441,177.5140559
18655,6.499315556,40.49589333,181.063138
18656,6.499631111,40.49778667,181.0136834
18657,6.499943611,40.49966167,186.5298546
18658,6.500195556,40.50117333,190.1252705
18659,6.500444167,40.502665,191.8122718
18660,6.500691667,40.50415,199.0356343
18661,6.500941111,40.50564667,200.4916043
18662,6.501251944,40.50751167,199.4667005
18663,6.501558889,40.50935333,201.388363
18664,6.501804722,40.51082833,206.7526617
18665,6.502050556,40.51230333,217.9929841
18666,6.502299167,40.513795,224.7436222
18667,6.502550278,40.51530167,235.8113593
18668,6.502867222,40.51720333,235.6848864
18669,6.503175,40.51905,238.8776607
18670,6.503423889,40.52054333,238.4397407
18671,6.503670833,40.522025,240.1063438
18672,6.503919167,40.523515,242.4479631
18673,6.504168333,40.52501,244.4904155
18674,6.504481667,40.52689,247.6251168
18675,6.5047925,40.528755,239.7229256
18676,6.505041944,40.53025167,232.2116021
18677,6.505291389,40.53174833,240.8977886
18678,6.505543611,40.53326167,239.1151798
18679,6.505791389,40.53474833,234.8073159
18680,6.506103889,40.53662333,227.6751105
18681,6.506418056,40.53850833,222.2019794
18682,6.506667778,40.54000667,216.1784782
18683,6.506919167,40.541515,225.4005843
18684,6.507169444,40.54301667,223.7137089
18685,6.507424444,40.54454667,227.7258289
18686,6.507743889,40.54646333,224.0457214
18687,6.50806,40.54836,223.9911197
18688,6.508308889,40.54985333,225.0924352
18689,6.508558056,40.55134833,228.1290447
18690,6.508806944,40.55284167,228.7971922
18691,6.509056944,40.55434167,233.5998408
18692,6.509370556,40.55622333,225.4000247
18693,6.509682222,40.55809333,225.8741065
18694,6.509931389,40.55958833,225.4987677
18695,6.510179167,40.561075,224.9926545
18696,6.510426944,40.56256167,219.2296678
18697,6.510673333,40.56404,208.868654
18698,6.510982222,40.56589333,207.8507616
18699,6.511293889,40.56776333,201.9796149
18700,6.511543333,40.56926,197.3052115
18701,6.511793889,40.57076333,206.5811681
18702,6.512041111,40.57224667,206.953256
18703,6.512288333,40.57373,219.7144108
18704,6.5125975,40.575585,224.7969873
18705,6.512905833,40.577435,234.0758813
18706,6.513154167,40.578925,242.4544318
18707,6.513401944,40.58041167,251.6911422
18708,6.513653889,40.58192333,264.4213935
18709,6.513900833,40.583405,270.3235019
18710,6.514210833,40.585265,280.2813964
18711,6.514521389,40.58712833,280.8432825
18712,6.514766389,40.58859833,279.935391
18713,6.515010833,40.590065,289.0099737
18714,6.515258611,40.59155167,296.1390529
18715,6.515506389,40.59303833,296.0038651
18716,6.515815,40.59489,292.7160166
18717,6.516120278,40.59672167,285.8292801
18718,6.516366389,40.59819833,279.5494275
18719,6.516618333,40.59971,275.2639349
18720,6.516868333,40.60121,270.6321602
18721,6.517115556,40.60269333,273.6346114
18722,6.517426944,40.60456167,270.7011335
18723,6.517742222,40.60645333,262.5516046
18724,6.517997778,40.60798667,253.4413994
18725,6.518251944,40.60951167,257.7988631
18726,6.518498889,40.61099333,250.7225071
18727,6.518748333,40.61249,241.7784655
18728,6.519061389,40.61436833,236.4611975
18729,6.519374167,40.616245,229.7432408
18730,6.519625556,40.61775333,222.7347452
18731,6.519872778,40.61923667,217.8270669
18732,6.520118056,40.62070833,216.1334278
18733,6.520365556,40.62219333,209.9234341
18734,6.520678333,40.62407,196.8953
18735,6.520987778,40.62592667,193.4280318
18736,6.521233611,40.62740167,189.7112752
18737,6.521483333,40.6289,193.0910286
18738,6.521730556,40.63038333,191.613424
18739,6.521976667,40.63186,186.1180374
18740,6.522291389,40.63374833,186.2298878
18741,6.522600556,40.63560333,188.2204724
18742,6.522851111,40.63710667,189.5999366
18743,6.523101944,40.63861167,195.887849
18744,6.523350833,40.640105,194.1480762
18745,6.523598611,40.64159167,200.8470951
18746,6.523914444,40.64348667,193.5132807
18747,6.52423,40.64538,181.3900541
18748,6.524478333,40.64687,169.1323536
18749,6.524724722,40.64834833,178.625416
18750,6.524971667,40.64983,180.0602985
18751,6.525220278,40.65132167,178.0169176
18752,6.525531667,40.65319,172.1361251
18753,6.525847222,40.65508333,169.5319582
18754,6.526094444,40.65656667,167.4510514
18755,6.526348889,40.65809333,175.7315191
18756,6.526601111,40.65960667,179.852283
18757,6.526850278,40.66110167,187.8112401
18758,6.527165556,40.66299333,192.4759893
18759,6.527479722,40.66487833,189.5579968
18760,6.527733056,40.66639833,186.1114438
18761,6.527981389,40.66788833,192.3161803
18762,6.528231944,40.66939167,196.2638431
18763,6.5284825,40.670895,205.0590619
18764,6.528795833,40.672775,200.8848817
18765,6.529108333,40.67465,196.9304069
18766,6.529356667,40.67614,191.9027871
18767,6.529603333,40.67762,198.8500503
18768,6.529851944,40.67911167,194.8856677
18769,6.530099444,40.68059667,195.4425429
18770,6.530413889,40.68248333,194.2902124
18771,6.530723611,40.68434167,191.4752697
18772,6.530969722,40.68581833,189.0141118
18773,6.531221944,40.68733167,190.42883
18774,6.531471111,40.68882667,193.4316866
18775,6.5317225,40.690335,196.0099419
18776,6.532032222,40.69219333,182.5664908
18777,6.53234,40.69404,176.4296402
18778,6.532587778,40.69552667,170.1539907
18779,6.532831667,40.69699,165.1963826
18780,6.533076389,40.69845833,162.2344656
18781,6.5333225,40.699935,156.9787492
18782,6.533636111,40.70181667,148.6995544
18783,6.533949167,40.703695,145.7570734
18784,6.534196944,40.70518167,145.1008851
18785,6.534445278,40.70667167,154.2540073
18786,6.534693889,40.70816333,159.0536845
18787,6.5349425,40.709655,160.3648188
18788,6.535256111,40.71153667,160.3678369
18789,6.535566667,40.7134,159.7633089
18790,6.535811389,40.71486833,157.3699351
18791,6.536060833,40.716365,159.9922194
18792,6.536311944,40.71787167,168.3397562
18793,6.536562778,40.71937667,174.8941089
18794,6.536876111,40.72125667,182.9396115
18795,6.537184722,40.72310833,181.4019615
18796,6.537434444,40.72460667,179.0969183
18797,6.5376875,40.726125,176.3490591
18798,6.537936667,40.72762,188.8481524
18799,6.538186389,40.72911833,196.5792498
18800,6.538501389,40.73100833,197.5130838
18801,6.538812222,40.73287333,188.2109964
18802,6.539059167,40.734355,178.4522243
18803,6.539305556,40.73583333,182.72359
18804,6.539551667,40.73731,180.7329797
18805,6.539802778,40.73881667,180.4899559
18806,6.540122222,40.74073333,187.7974938
18807,6.540436111,40.74261667,183.9303139
18808,6.540683611,40.74410167,180.6809139
18809,6.540935833,40.745615,186.1330801
18810,6.541185278,40.74711167,187.5721452
18811,6.541433611,40.74860167,188.6293879
18812,6.541747222,40.75048333,184.3719778
18813,6.542063333,40.75238,184.45716
18814,6.542311111,40.75386667,183.8660762
18815,6.542559722,40.75535833,192.8408032
18816,6.542810556,40.75686333,191.4759038
18817,6.543059167,40.758355,181.4922004
18818,6.543371944,40.76023167,185.7404978
18819,6.543680278,40.76208167,177.0472087
18820,6.543929167,40.763575,169.3519735
18821,6.544177778,40.76506667,177.7553426
18822,6.544427222,40.76656333,178.6226445
18823,6.544675833,40.768055,186.2492437
18824,6.54499,40.76994,193.7585974
18825,6.545299722,40.77179833,196.3334898
18826,6.545548333,40.77329,198.7778561
18827,6.545796111,40.77477667,202.3671107
18828,6.546043333,40.77626,210.3954807
18829,6.546291389,40.77774833,216.8357975
18830,6.546606389,40.77963833,224.24154
18831,6.546916944,40.78150167,223.0821793
18832,6.547164722,40.78298833,221.5586626
18833,6.547411111,40.78446667,232.0116108
18834,6.547660833,40.785965,236.7942055
18835,6.54791,40.78746,235.4066935
18836,6.548224444,40.78934667,237.6585699
18837,6.548535,40.79121,236.8184975
18838,6.548783611,40.79270167,236.2583143
18839,6.549032222,40.79419333,233.7058713
18840,6.549280833,40.795685,240.0372097
18841,6.549528611,40.79717167,239.770663
18842,6.549846389,40.79907833,242.2813515
18843,6.550158056,40.8,242.0084263
18844,6.550404722,40.8,239.9434046
18845,6.5506525,40.8,237.8583402
18846,6.5509,40.8,236.3114419
18847,6.551147778,40.8,231.171983
18848,6.551461111,40.8,233.0516909
18849,6.551773611,40.8,236.5757326
18850,6.552021111,40.8,239.6946498
18851,6.552269722,40.8,238.7685723
18852,6.552521944,40.8,242.114687
18853,6.552775,40.8,241.3269894
18854,6.5530875,40.8,229.6903624
18855,6.553397222,40.8,222.1766554
18856,6.553651111,40.8,214.4104103
18857,6.553907222,40.8,207.8867908
18858,6.5541575,40.8,200.2578675
18859,6.554409444,40.8,178.8071482
18860,6.554725833,40.8,147.6805461
